请作为一家国际资产管理公司(QS财富方舟)的AI投资委员会，对以下港股 00700_腾讯控股进行机构级每日复盘，2026-08-06。

请作为一家国际资产管理公司(QS财富方舟)的AI投资委员会，对以下港股进行机构级复盘。

【一、事件复盘】
- 今天发生了什么？
- 哪些事件真正影响股价？
- 哪些只是市场噪音？

【二、公司基本面】
- 今天的信息是否改变公司的长期价值？
- 是否影响竞争优势、盈利能力、现金流或行业地位？

【三、资金行为】
- 南向资金、机构、散户、量化、做空资金分别在做什么？
- 是否存在资金分歧？

【四、技术结构】
- 趋势是否发生变化？
- 哪些信号有效？哪些属于噪音？
- 支撑位、压力位、成交量结构是否确认趋势？

【五、估值分析】
- 当前估值相对于历史、同行和成长性是否合理？
- 市场是在交易预期还是交易现实？
- 估值逻辑是否发生变化？

【六、风险分析】
- 如果你是做空机构，你会攻击哪些点？
- 哪些风险已被市场充分定价？哪些仍可能被低估？

【七、情景推演】
请分别构建乐观、基准、悲观三个剧本，并说明：
- 触发条件
- 概率
- 关键验证指标
- 应对策略

【八、投资委员会总结】
请分别给出：
- 长线价值投资者观点
- 中线趋势投资者观点
- 短线交易者观点

最后输出：
1. 综合评分（100分）
2. 基本面评分
3. 资金面评分
4. 技术面评分
5. 风险评分
6. 当前所处阶段（底部 / 吸筹 / 突破 / 主升 / 高潮 / 派发 / 调整 / 熊市）
7. 建议（买入、增持、持有、减持、观望）
8. 未来一周、一个月、一个季度需要重点跟踪的指标和事件。


================================================================================
【日度走势数据】
================================================================================

问题: 对腾讯控股 (00700)近日走势进行复盘分析，复盘区间：2026年06月25日 – 2026年08月06日

      date  close    ema5   ema20  ema100  ema200 volume_ratio5 macd_histogram macd_status turnover_rate institutional_flow individual_flow     inst_5ma      ind_5ma
2026-06-25 421.40 428.486 443.637 490.747 514.392         0.909        -5.5080       Death          0.32        318,690,000    -473,970,000 -184,272,000 -591,536,000
2026-06-26 411.80 422.924 440.605 489.184 513.371         0.913        -6.7028       Death          0.35        292,370,000    -812,360,000 -130,732,000 -556,992,000
2026-06-29 420.20 422.016 438.661 487.818 512.444         0.938        -5.8997       Death          0.36         64,850,000     523,280,000 -129,098,000 -266,610,000
2026-06-30 429.80 424.611 437.817 486.669 511.621         1.097        -3.7198       Death          0.43        749,040,000   1,826,130,000  269,884,000  284,332,000
2026-07-02 430.20 426.474 437.092 485.551 510.811         1.180        -1.9570       Death          0.45        -30,090,000    -896,620,000  278,972,000   33,292,000
2026-07-03 431.20 428.049 436.531 484.475 510.019         0.716        -0.4670       Death          0.27       -196,530,000     349,310,000  175,928,000  197,948,000
2026-07-06 452.00 436.033 438.004 483.832 509.442         1.222         3.3021      Golden          0.46        760,740,000   1,373,950,000  269,602,000  635,210,000
2026-07-07 461.20 444.422 440.213 483.383 508.962         1.544         6.8141      Golden          0.61      1,505,700,000     635,150,000  557,772,000  657,584,000
2026-07-08 478.80 455.881 443.888 483.293 508.662         1.395        11.0374      Golden          0.62      1,194,180,000   2,407,480,000  646,800,000  773,854,000
2026-07-09 469.60 460.454 446.337 483.022 508.273         0.968        12.0394      Golden          0.47       -156,580,000  -1,747,000,000  621,502,000  603,778,000
2026-07-10 460.20 460.369 447.657 482.570 507.795         0.917        10.9168      Golden          0.44        166,190,000    -909,480,000  694,046,000  352,020,000
2026-07-13 457.60 459.446 448.604 482.075 507.295         0.515         9.3645      Golden          0.27        226,240,000     243,530,000  587,146,000  125,936,000
2026-07-14 456.20 458.364 449.328 481.563 506.787         0.584         7.7560      Golden          0.28        336,370,000     669,710,000  353,280,000  132,848,000
2026-07-15 474.00 463.576 451.677 481.413 506.461         0.894         8.6295      Golden          0.37      1,395,913,780   1,835,847,100  393,626,756   18,521,420
2026-07-16 484.00 470.384 454.756 481.464 506.237         1.287         9.9978      Golden          0.47      1,265,642,080   1,621,574,880  678,071,172  692,236,396
2026-07-17 461.60 467.456 455.407 481.071 505.793         1.086         7.4461      Golden          0.40       -870,764,480    -755,902,320  470,680,276  722,951,932
2026-07-20 477.80 470.904 457.540 481.006 505.514         0.947         7.4811      Golden          0.34        433,911,680     -73,134,940  512,214,612  659,618,944
2026-07-21 474.00 471.936 459.108 480.867 505.201         0.631         6.5658      Golden          0.24       -167,293,000    -633,272,640  411,482,012  399,022,416
2026-07-22 440.60 461.491 457.345 480.070 504.558         2.011         1.3098      Golden          0.73     -2,723,596,140    -587,232,700 -412,419,972  -85,593,544
2026-07-23 445.20 456.060 456.188 479.380 503.967         0.579        -1.5441       Death          0.25        263,924,480    -401,947,780 -612,763,492 -490,298,076
2026-07-24 434.60 448.907 454.132 478.493 503.277         0.646        -4.6794       Death          0.25        296,923,940    -158,218,180 -379,225,808 -370,761,248
2026-07-27 443.00 446.938 453.072 477.790 502.677         0.440        -5.3909       Death          0.16        103,204,540     358,301,160 -445,367,236 -284,474,028
2026-07-28 447.20 447.025 452.513 477.184 502.125         0.613        -5.0698       Death          0.20        395,204,240     144,588,540 -332,867,788 -128,901,792
2026-07-29 466.40 453.484 453.835 476.971 501.770         1.250        -2.1922       Death          0.40      1,701,327,680     963,451,760  552,116,976  181,235,100
2026-07-30 471.80 459.589 455.546 476.868 501.472         1.386         0.3806      Golden          0.35        829,773,240     519,087,500  665,286,728  365,442,156
2026-07-31 475.20 464.793 457.418 476.835 501.210         1.259         2.3713      Golden          0.34        469,399,880   1,294,444,020  699,781,916  655,974,596
2026-08-03 490.40 473.328 460.559 477.104 501.103         1.467         5.3935      Golden          0.43      1,342,379,580   1,717,251,080  947,616,924  927,764,580
2026-08-04 487.60 478.086 463.135 477.312 500.968         0.797         6.5940      Golden          0.27       -235,779,340     -18,149,300  821,420,208  895,217,012
2026-08-05 492.20 482.790 465.903 477.607 500.881         0.789         7.5194      Golden          0.28        426,151,920    -778,789,600  566,385,056  546,768,740
2026-08-06 479.20 481.594 467.169 477.638 500.665         0.717         5.9602      Golden          0.24        271,158,260  -1,636,182,780  454,662,060  115,714,684

--------------------------------------------------------------------------------
生成时间: 2026-08-06 16:44:56


================================================================================
【周度走势数据】
================================================================================

问题: 对腾讯控股 (00700)进行周度走势复盘分析，复盘区间：2026年01月02日 – 2026年07月24日（共30周）

      date   open   high    low  close week_change_pct volume_ratio turnover_rate    ema5   ema20  ema100  ema200 macd_histogram macd_status rsi14 institutional_flow individual_flow       inst_5ma        ind_5ma
2026-01-02 600.70 619.20 588.70 617.70           3.35%        0.969         0.65% 610.235 601.852 483.672 428.234       -15.3559             57.57      1,734,850,000  -1,674,650,000    961,896,000 -1,082,404,000
2026-01-09 618.70 633.20 604.70 605.70          -1.94%        1.366         1.11% 608.724 602.219 486.089 430.000       -15.2617             54.06       -181,240,000    -455,170,000    741,562,000   -846,816,000
2026-01-16 610.70 633.70 608.20 612.20           1.07%        1.380         1.39% 609.882 603.169 488.586 431.813       -14.0324             55.64        -72,370,000  -1,050,930,000    564,188,000   -806,866,000
2026-01-23 608.20 609.20 589.70 589.70          -3.68%        1.054         1.10% 603.155 601.887 490.588 433.384       -15.8256             49.32      1,489,660,000  -1,578,230,000    682,296,000 -1,255,876,000
2026-01-30 589.70 619.70 588.70 600.70           1.87%        1.110         1.22% 602.337 601.774 492.769 435.049       -15.1072             52.18      2,455,200,000   5,433,880,000  1,085,220,000    134,980,000
2026-02-06 592.70 599.20 535.70 542.20          -9.74%        1.716         2.94% 582.291 596.100 493.747 436.115       -21.6887             39.44       -186,780,000   7,563,770,000    700,894,000  1,982,664,000
2026-02-13 544.70 560.70 519.70 526.70          -2.86%        0.955         1.61% 563.761 589.490 494.400 437.016       -26.9627             36.87        222,880,000   1,784,880,000    781,718,000  2,430,674,000
2026-02-20 524.70 529.70 512.70 516.70          -1.90%        0.256         0.31% 548.074 582.558 494.842 437.809       -30.3773             35.27        379,980,000     207,950,000    872,188,000  2,682,450,000
2026-02-27 523.70 537.70 505.20 512.70          -0.77%        1.152         1.52% 536.283 575.905 495.195 438.554       -31.6124             34.63       -481,420,000   1,439,640,000    477,972,000  3,286,024,000
2026-03-06 506.20 520.20 493.50 513.70           0.20%        1.129         1.59% 528.755 569.981 495.562 439.302       -30.7066             34.95       -841,110,000   4,172,760,000   -181,290,000  3,033,800,000
2026-03-13 497.20 572.70 497.20 542.20           5.55%        1.208         1.91% 533.237 567.335 496.485 440.326       -24.9263             43.46     -3,187,200,000   6,206,150,000   -781,374,000  2,762,276,000
2026-03-20 545.70 560.70 499.70 502.70          -7.29%        1.041         1.67% 523.058 561.179 496.608 440.947       -25.0162             36.36     -3,259,230,000   2,883,180,000 -1,477,796,000  2,981,936,000
2026-03-27 492.50 516.20 482.30 488.10          -2.90%        0.991         1.58% 511.405 554.219 496.440 441.416       -25.5455             34.14       -985,750,000     627,560,000 -1,750,942,000  3,065,858,000
2026-04-03 479.70 498.70 470.70 483.90          -0.86%        0.721         1.01% 502.237 547.522 496.191 441.839       -24.9370             33.50        885,730,000   1,539,390,000    295,806,000    234,760,000
2026-04-10 499.20 509.20 495.70 499.20           3.16%        0.673         0.82% 501.225 542.920 496.251 442.409       -21.1014             38.02       -259,790,000   3,018,710,000 -1,361,248,000  2,854,998,000
2026-04-17 493.10 511.70 480.90 505.20           1.20%        0.907         1.04% 502.550 539.328 496.428 443.034       -16.5831             39.75      1,346,100,000     416,890,000   -454,588,000  1,697,146,000
2026-04-24 504.20 521.20 481.70 488.10          -3.38%        0.977         1.11% 497.733 534.449 496.263 443.482       -14.7844             36.61      1,049,180,000    -998,980,000    407,094,000    920,714,000
2026-05-01 484.70 485.70 457.90 462.50          -5.24%        1.145         1.40% 485.989 527.597 495.595 443.672       -15.8358             32.49     -1,782,000,000  -1,399,550,000    -96,330,000   -193,304,000
2026-05-08 464.50 475.70 454.90 466.10           0.78%        1.188         1.62% 479.359 521.740 495.011 443.895       -14.8553             33.62      3,463,790,000      43,780,000    763,456,000    216,170,000
2026-05-15 459.70 474.30 448.70 456.40          -2.08%        1.143         1.67% 471.706 515.517 494.246 444.019       -14.3165             32.06       -280,420,000     909,610,000    759,330,000   -205,650,000
2026-05-22 455.00 468.80 438.40 441.40          -3.29%        1.059         1.59% 461.604 508.458 493.200 443.993       -14.7265             29.76     -1,139,400,000  -1,541,170,000    262,230,000   -597,262,000
2026-05-29 438.00 442.60 420.40 427.20          -3.22%        1.048         1.62% 450.136 500.719 491.893 443.826       -15.5740             27.73      4,346,660,000  -2,594,670,000    921,726,000   -916,400,000
2026-06-05 432.40 484.80 430.00 453.20           6.09%        1.400         2.72% 451.157 496.194 491.126 443.919       -11.4850             36.29      1,950,980,000   4,587,930,000  1,668,322,000    281,096,000
2026-06-12 447.80 475.60 443.20 463.60           2.29%        0.908         1.67% 455.305 493.089 490.581 444.115        -6.4811             39.39     -1,769,970,000   1,385,580,000    621,570,000    549,456,000
2026-06-19 475.00 476.80 435.60 440.20          -5.05%        0.638         1.01% 450.270 488.052 489.584 444.076        -5.4654             35.24       -593,150,000  -3,505,250,000    -30,812,000   -844,710,000
2026-06-26 439.00 439.80 411.00 411.80          -6.45%        1.145         1.94% 437.447 480.790 488.043 443.755        -7.6283             30.98       -653,660,000  -2,784,960,000    656,172,000   -582,274,000
2026-07-03 417.00 447.00 415.00 431.20           4.71%        0.928         1.51% 435.364 476.067 486.918 443.630        -5.5519             36.62        587,270,000   1,802,100,000    -95,706,000    297,080,000
2026-07-10 432.80 485.00 425.40 460.20           6.73%        1.328         2.60% 443.643 474.556 486.389 443.795         0.3109             43.99      3,470,230,000   1,760,100,000    208,144,000   -268,486,000
2026-07-17 463.20 494.80 447.40 461.60           0.30%        0.942         1.79% 449.629 473.322 485.898 443.972         4.7160             44.33      2,353,401,380   3,614,759,660  1,032,818,276    177,349,932
2026-07-24 465.60 482.60 432.00 434.60          -5.85%        0.967         1.81% 444.619 469.634 484.882 443.879         4.3410             39.41     -1,896,129,040  -1,853,806,240   -588,993,808 -1,347,923,248

--------------------------------------------------------------------------------
生成时间: 2026-07-27 15:17:50


--------------------------------------------------------------------------------
合并生成时间: 2026-08-06 16:45:28
