请作为一家国际资产管理公司(QS财富方舟)的AI投资委员会，对以下港股 00371_北控水务进行机构级每日复盘，2026-08-06。

请作为一家国际资产管理公司(QS财富方舟)的AI投资委员会，对以下港股进行机构级复盘。

【一、事件复盘】
- 今天发生了什么？
- 哪些事件真正影响股价？
- 哪些只是市场噪音？

【二、公司基本面】
- 今天的信息是否改变公司的长期价值？
- 是否影响竞争优势、盈利能力、现金流或行业地位？

【三、资金行为】
- 南向资金、机构、散户、量化、做空资金分别在做什么？
- 是否存在资金分歧？

【四、技术结构】
- 趋势是否发生变化？
- 哪些信号有效？哪些属于噪音？
- 支撑位、压力位、成交量结构是否确认趋势？

【五、估值分析】
- 当前估值相对于历史、同行和成长性是否合理？
- 市场是在交易预期还是交易现实？
- 估值逻辑是否发生变化？

【六、风险分析】
- 如果你是做空机构，你会攻击哪些点？
- 哪些风险已被市场充分定价？哪些仍可能被低估？

【七、情景推演】
请分别构建乐观、基准、悲观三个剧本，并说明：
- 触发条件
- 概率
- 关键验证指标
- 应对策略

【八、投资委员会总结】
请分别给出：
- 长线价值投资者观点
- 中线趋势投资者观点
- 短线交易者观点

最后输出：
1. 综合评分（100分）
2. 基本面评分
3. 资金面评分
4. 技术面评分
5. 风险评分
6. 当前所处阶段（底部 / 吸筹 / 突破 / 主升 / 高潮 / 派发 / 调整 / 熊市）
7. 建议（买入、增持、持有、减持、观望）
8. 未来一周、一个月、一个季度需要重点跟踪的指标和事件。


================================================================================
【日度走势数据】
================================================================================

问题: 对北控水务 (00371)近日走势进行复盘分析，复盘区间：2026年06月25日 – 2026年08月06日

      date close  ema5 ema20 ema100 ema200 volume_ratio5 macd_histogram macd_status turnover_rate institutional_flow individual_flow   inst_5ma    ind_5ma
2026-06-25  2.30 2.334 2.460  2.591  2.534         0.953        -0.0288       Death          0.12            -82,380       6,530,000    570,192  2,970,004
2026-06-26  2.26 2.309 2.441  2.585  2.531         1.200        -0.0294       Death          0.16          4,310,000        -540,000  1,294,192  1,714,004
2026-06-29  2.29 2.303 2.427  2.579  2.529         0.839        -0.0228       Death          0.09          1,460,000       2,820,000  1,770,980  1,770,776
2026-06-30  2.26 2.289 2.411  2.573  2.526         0.879        -0.0197       Death          0.10            542,560       4,190,000  1,692,036  2,330,000
2026-07-02  2.27 2.282 2.397  2.567  2.524         1.627        -0.0138       Death          0.19          1,720,000      -3,120,000  1,590,036  1,976,000
2026-07-03  2.29 2.285 2.387  2.561  2.522         1.641        -0.0052       Death          0.21        -16,180,000        -492,320 -1,629,488    571,536
2026-07-06  2.34 2.303 2.383  2.557  2.520         0.445         0.0086      Golden          0.07          1,820,000       5,280,000 -2,127,488  1,735,536
2026-07-07  2.30 2.302 2.375  2.552  2.518         1.126         0.0134      Golden          0.15          4,600,000      -1,340,200 -1,499,488    903,496
2026-07-08  2.30 2.301 2.368  2.547  2.515         0.818         0.0173      Golden          0.12          3,900,000      -5,670,000   -828,000 -1,068,504
2026-07-09  2.29 2.298 2.360  2.542  2.513         0.374         0.0191      Golden          0.06            635,180         659,200 -1,044,964   -312,664
2026-07-10  2.30 2.298 2.354  2.537  2.511         0.410         0.0221      Golden          0.05            529,000         484,260  2,296,836   -117,348
2026-07-13  2.31 2.302 2.350  2.532  2.509         0.791         0.0257      Golden          0.07          1,230,300         349,980  2,178,896 -1,103,352
2026-07-14  2.33 2.312 2.348  2.528  2.507         1.465         0.0305      Golden          0.13         -1,793,200       1,703,460    900,256   -494,620
2026-07-15  2.36 2.328 2.349  2.525  2.506         0.775         0.0372      Golden          0.06          1,319,760       5,682,400    384,208  1,775,860
2026-07-16  2.34 2.332 2.349  2.521  2.504         1.335         0.0381      Golden          0.10          3,066,300       2,063,400    870,432  2,056,700
2026-07-17  2.39 2.351 2.352  2.519  2.503         3.252         0.0443      Golden          0.26         -2,568,360       4,770,820    250,960  2,914,012
2026-07-20  2.48 2.394 2.365  2.518  2.503         1.251         0.0585      Golden          0.16         -1,673,540      16,834,680   -329,808  6,210,952
2026-07-21  2.41 2.399 2.369  2.516  2.502         0.890         0.0563      Golden          0.13          2,802,520      -1,975,460    589,336  5,475,168
2026-07-22  2.45 2.416 2.377  2.515  2.501         0.624         0.0580      Golden          0.09            704,700       4,608,220    466,324  5,260,332
2026-07-23  2.39 2.408 2.378  2.512  2.500         3.309         0.0490      Golden          0.48          5,874,320     -16,592,080  1,027,928  1,529,236
2026-07-24  2.35 2.388 2.375  2.509  2.499         0.902         0.0363      Golden          0.20          7,745,760     -14,334,700  3,090,752 -2,291,868
2026-07-27  2.35 2.376 2.373  2.506  2.497         0.600         0.0270      Golden          0.13         -2,113,320         827,920  3,002,796 -5,493,220
2026-07-28  2.40 2.384 2.375  2.504  2.496         0.496         0.0266      Golden          0.10           -199,800      10,075,660  2,402,332 -3,082,996
2026-07-29  2.38 2.382 2.376  2.501  2.495         0.996         0.0228      Golden          0.20         -4,942,640       8,364,880  1,272,864 -2,331,664
2026-07-30  2.37 2.378 2.375  2.499  2.494         0.961         0.0182      Golden          0.21         -3,163,980      13,063,580   -534,796  3,599,468
2026-07-31  2.31 2.356 2.369  2.495  2.492         1.473         0.0071      Golden          0.25         -1,031,820       6,884,460 -2,290,312  7,843,300
2026-08-03  2.29 2.334 2.362  2.491  2.490         0.874        -0.0025       Death          0.16         -1,043,750       8,483,450 -2,076,398  9,374,406
2026-08-04  2.29 2.319 2.355  2.487  2.488         0.987        -0.0081       Death          0.18         -3,175,690      11,806,150 -2,671,576  9,720,504
2026-08-05  2.28 2.306 2.348  2.483  2.486         0.839        -0.0122       Death          0.17         -3,069,990      10,081,250 -2,297,046 10,063,778
2026-08-06  2.26 2.291 2.339  2.478  2.484         0.917        -0.0163       Death          0.18         -3,809,890       6,816,790 -2,426,228  8,814,420

--------------------------------------------------------------------------------
生成时间: 2026-08-06 16:44:55


================================================================================
【周度走势数据】
================================================================================

问题: 对北控水务 (00371)进行周度走势复盘分析，复盘区间：2026年01月02日 – 2026年07月24日（共30周）

      date open high  low close week_change_pct volume_ratio turnover_rate  ema5 ema20 ema100 ema200 macd_histogram macd_status rsi14 institutional_flow individual_flow    inst_5ma     ind_5ma
2026-01-02 2.45 2.45 2.34  2.36          -3.28%        0.445         0.38% 2.401 2.396  2.128  2.049        -0.0269             48.77         -8,657,760         619,540  -1,348,772  14,578,768
2026-01-09 2.36 2.45 2.36  2.43           2.97%        0.780         0.60% 2.410 2.399  2.134  2.053        -0.0219             53.46         11,510,540       8,251,820   2,539,336  14,180,488
2026-01-16 2.43 2.49 2.40  2.43           0.00%        1.238         1.09% 2.417 2.402  2.140  2.056        -0.0183             53.46         -9,690,000     -25,985,620     628,760   7,286,980
2026-01-23 2.42 2.60 2.40  2.55           4.94%        1.147         1.09% 2.461 2.416  2.148  2.061        -0.0004             60.63          5,667,760      -7,189,220   2,238,036  -2,939,312
2026-01-30 2.55 2.61 2.49  2.60           1.96%        0.979         0.92% 2.508 2.434  2.157  2.067         0.0166             63.18          5,289,460     -47,158,200     824,000 -14,292,336
2026-02-06 2.59 2.88 2.57  2.87          10.38%        1.683         2.41% 2.628 2.475  2.171  2.075         0.0601             73.24         -6,071,580     124,699,120   1,341,236  10,523,580
2026-02-13 2.86 2.89 2.68  2.71          -5.57%        1.020         1.46% 2.656 2.498  2.182  2.081         0.0630             62.36         -8,882,600        -699,160  -2,737,392   8,733,384
2026-02-20 2.74 2.79 2.71  2.78           2.58%        0.159         0.16% 2.697 2.525  2.193  2.088         0.0695             64.82          3,710,000      11,853,140     -57,392  16,301,136
2026-02-27 2.78 2.83 2.68  2.74          -1.44%        1.015         1.03% 2.711 2.545  2.204  2.094         0.0637             62.32        -11,930,000     -42,200,000  -3,576,944   9,298,980
2026-03-06 2.70 2.80 2.60  2.77           1.09%        1.185         1.33% 2.731 2.567  2.216  2.101         0.0593             63.46            930,200     -17,823,380  -4,448,796  15,165,944
2026-03-13 2.78 2.78 2.62  2.75          -0.72%        0.977         1.09% 2.737 2.584  2.226  2.107         0.0494             62.11        -12,026,740     -33,476,260  -5,639,828 -16,469,132
2026-03-20 2.73 2.82 2.65  2.70          -1.82%        1.029         1.17% 2.725 2.595  2.235  2.113         0.0328             58.74        -13,216,360       1,289,020  -6,506,580 -16,071,496
2026-03-27 2.67 2.77 2.56  2.60          -3.70%        1.166         1.43% 2.683 2.596  2.243  2.118         0.0062             52.60        -17,099,260      16,065,780 -10,668,432 -15,228,968
2026-04-03 2.59 2.73 2.55  2.69           3.46%        0.627         0.66% 2.685 2.605  2.252  2.124        -0.0008             56.96          3,428,300      12,572,280  15,087,040  24,383,936
2026-04-10 2.67 2.75 2.63  2.65          -1.49%        0.440         0.36% 2.674 2.609  2.259  2.129        -0.0119             54.56          2,930,000     -12,662,680  -7,196,812  -3,242,372
2026-04-17 2.62 2.67 2.58  2.60          -1.89%        1.098         0.94% 2.649 2.608  2.266  2.134        -0.0262             51.63         17,050,200      23,588,800  -1,381,424   8,170,640
2026-04-24 2.59 2.78 2.59  2.66           2.31%        1.503         1.71% 2.653 2.613  2.274  2.139        -0.0277             54.77         -1,239,020       2,960,340   1,014,044   8,504,904
2026-05-01 2.66 2.75 2.64  2.67           0.38%        0.640         0.61% 2.658 2.618  2.282  2.144        -0.0273             55.29          6,181,180      23,629,860  16,228,060  28,877,816
2026-05-08 2.67 2.80 2.64  2.74           2.62%        0.810         0.72% 2.686 2.630  2.291  2.150        -0.0181             58.86         -4,601,020      22,625,980   4,064,268  12,028,460
2026-05-15 2.74 2.89 2.74  2.85           4.01%        1.155         1.10% 2.740 2.651  2.302  2.157         0.0013             63.76         -3,357,360     111,650,000   2,806,796  36,890,996
2026-05-22 2.85 2.87 2.69  2.71          -4.91%        1.155         1.19% 2.730 2.657  2.310  2.163        -0.0058             54.81          9,351,820      66,510,000   1,267,120  45,475,236
2026-05-29 2.70 2.77 2.61  2.63          -2.95%        0.871         0.86% 2.697 2.654  2.316  2.167        -0.0215             50.45          2,097,060      57,298,340   1,934,336  56,342,836
2026-06-05 2.63 2.66 2.45  2.52          -4.18%        1.470         1.87% 2.638 2.641  2.320  2.171        -0.0456             45.14         -9,262,620     -26,530,000  -1,154,424  46,310,864
2026-06-12 2.50 2.53 2.44  2.48          -1.59%        0.829         0.98% 2.585 2.626  2.324  2.174        -0.0646             43.35          6,196,440      10,348,440   1,005,068  43,855,356
2026-06-19 2.48 2.52 2.33  2.36          -4.84%        0.746         0.78% 2.510 2.601  2.324  2.176        -0.0895             38.43         -7,933,280      10,595,620     579,404  14,629,308
2026-06-26 2.36 2.37 2.24  2.26          -4.24%        0.617         0.54% 2.427 2.568  2.323  2.177        -0.1140             34.88          6,470,960       8,570,020    -486,288  12,056,484
2026-07-03 2.26 2.31 2.23  2.29           1.33%        0.754         0.59% 2.381 2.542  2.322  2.178        -0.1201             36.77        -12,457,440       3,397,680  -3,397,188   1,276,352
2026-07-10 2.34 2.36 2.26  2.30           0.44%        0.653         0.45% 2.354 2.519  2.322  2.179        -0.1167             37.42         11,484,180        -586,740     752,172   6,465,004
2026-07-17 2.30 2.39 2.26  2.39           3.91%        0.957         0.62% 2.366 2.506  2.323  2.181        -0.0970             43.10          1,254,800      14,570,060    -236,156   7,309,328
2026-07-24 2.40 2.49 2.32  2.35          -1.67%        1.345         1.06% 2.361 2.491  2.324  2.183        -0.0844             41.31         15,453,760     -11,459,340   5,897,920   8,989,068

--------------------------------------------------------------------------------
生成时间: 2026-07-27 15:17:50


--------------------------------------------------------------------------------
合并生成时间: 2026-08-06 16:45:28
