请作为一家国际资产管理公司(QS财富方舟)的AI投资委员会，对以下港股 01951_锦鑫生殖进行机构级每日复盘，2026-08-06。

请作为一家国际资产管理公司(QS财富方舟)的AI投资委员会，对以下港股进行机构级复盘。

【一、事件复盘】
- 今天发生了什么？
- 哪些事件真正影响股价？
- 哪些只是市场噪音？

【二、公司基本面】
- 今天的信息是否改变公司的长期价值？
- 是否影响竞争优势、盈利能力、现金流或行业地位？

【三、资金行为】
- 南向资金、机构、散户、量化、做空资金分别在做什么？
- 是否存在资金分歧？

【四、技术结构】
- 趋势是否发生变化？
- 哪些信号有效？哪些属于噪音？
- 支撑位、压力位、成交量结构是否确认趋势？

【五、估值分析】
- 当前估值相对于历史、同行和成长性是否合理？
- 市场是在交易预期还是交易现实？
- 估值逻辑是否发生变化？

【六、风险分析】
- 如果你是做空机构，你会攻击哪些点？
- 哪些风险已被市场充分定价？哪些仍可能被低估？

【七、情景推演】
请分别构建乐观、基准、悲观三个剧本，并说明：
- 触发条件
- 概率
- 关键验证指标
- 应对策略

【八、投资委员会总结】
请分别给出：
- 长线价值投资者观点
- 中线趋势投资者观点
- 短线交易者观点

最后输出：
1. 综合评分（100分）
2. 基本面评分
3. 资金面评分
4. 技术面评分
5. 风险评分
6. 当前所处阶段（底部 / 吸筹 / 突破 / 主升 / 高潮 / 派发 / 调整 / 熊市）
7. 建议（买入、增持、持有、减持、观望）
8. 未来一周、一个月、一个季度需要重点跟踪的指标和事件。


================================================================================
【日度走势数据】
================================================================================

问题: 对锦鑫生殖 (01951)近日走势进行复盘分析，复盘区间：2026年06月25日 – 2026年08月06日

      date close  ema5 ema20 ema100 ema200 volume_ratio5 macd_histogram macd_status turnover_rate institutional_flow individual_flow   inst_5ma    ind_5ma
2026-06-25  2.04 2.024 2.113  2.298  2.426         2.215        -0.0166       Death          1.03           -780,000       4,398,890   -621,716 -1,146,618
2026-06-26  1.93 1.993 2.095  2.290  2.421         1.072        -0.0221       Death          0.65           -970,000       1,225,320     84,000   -729,492
2026-06-29  2.01 1.998 2.087  2.285  2.417         1.571        -0.0129       Death          0.98         -1,992,430     -13,562,130   -830,486 -3,066,418
2026-06-30  1.97 1.989 2.076  2.279  2.412         0.994        -0.0103       Death          0.74         -4,950,000       4,200,000 -2,178,486 -1,230,418
2026-07-02  2.02 1.999 2.071  2.273  2.408         1.284        -0.0004       Death          0.95            532,280     -25,392,630 -1,632,030 -5,826,110
2026-07-03  2.12 2.040 2.075  2.270  2.405         0.924         0.0198      Golden          0.80          3,970,000         430,000   -682,030 -6,619,888
2026-07-06  2.14 2.073 2.082  2.268  2.403         0.434         0.0353      Golden          0.36            389,740       1,094,400   -410,082 -6,646,072
2026-07-07  2.09 2.079 2.082  2.264  2.400         0.286         0.0379      Golden          0.22         -1,170,000         555,000   -245,596 -3,822,646
2026-07-08  2.08 2.079 2.082  2.261  2.396         0.596         0.0374      Golden          0.37         -2,150,000      -1,209,620    314,404 -4,904,570
2026-07-09  2.04 2.066 2.078  2.256  2.393         0.805         0.0310      Golden          0.43         -1,530,000      -1,330,000    -98,052    -92,044
2026-07-10  2.12 2.084 2.082  2.254  2.390         1.099         0.0364      Golden          0.48          3,240,000       3,425,370   -244,052    507,030
2026-07-13  2.10 2.089 2.084  2.250  2.387         0.940         0.0363      Golden          0.35         -1,640,000      -3,090,240   -650,000   -329,898
2026-07-14  2.10 2.093 2.085  2.248  2.384         0.453         0.0350      Golden          0.17           -531,440         679,190   -522,288   -305,060
2026-07-15  2.13 2.105 2.090  2.245  2.382         0.834         0.0369      Golden          0.30          1,861,675      -1,214,860    280,047   -306,108
2026-07-16  2.29 2.167 2.109  2.246  2.381         5.329         0.0572      Golden          1.84         13,015,745      11,862,135  3,189,196  2,332,319
2026-07-17  2.18 2.171 2.115  2.245  2.379         0.921         0.0533      Golden          0.58         -2,434,355      -4,758,840  2,054,325    695,477
2026-07-20  2.21 2.184 2.124  2.244  2.377         0.525         0.0522      Golden          0.34         -2,364,210      -1,438,470  1,909,483  1,025,831
2026-07-21  2.15 2.173 2.127  2.242  2.375         0.732         0.0414      Golden          0.47         -6,259,950      -2,582,315    763,781    373,530
2026-07-22  2.25 2.199 2.139  2.242  2.374         0.622         0.0453      Golden          0.44            104,655         276,345    412,377    671,771
2026-07-23  2.23 2.209 2.147  2.242  2.372         0.442         0.0429      Golden          0.32         -2,075,770      -1,696,550 -2,605,926 -2,039,966
2026-07-24  2.21 2.209 2.153  2.241  2.371         0.570         0.0365      Golden          0.25         -1,219,245      -1,616,540 -2,362,904 -1,411,506
2026-07-27  2.21 2.210 2.159  2.241  2.369         0.382         0.0304      Golden          0.14             68,875         265,615 -1,876,287 -1,070,689
2026-07-28  2.23 2.216 2.165  2.241  2.368         0.439         0.0273      Golden          0.14              9,305        -202,975   -622,436   -594,821
2026-07-29  2.25 2.228 2.174  2.241  2.367         0.688         0.0262      Golden          0.18          1,086,125      -1,233,605   -426,142   -896,811
2026-07-30  2.21 2.222 2.177  2.240  2.365         1.493         0.0187      Golden          0.31           -689,345      -4,449,205   -148,857 -1,447,342
2026-07-31  2.17 2.204 2.176  2.239  2.363         2.216         0.0075      Golden          0.45         -5,789,690      -4,988,315 -1,062,946 -2,121,697
2026-08-03  2.22 2.210 2.180  2.238  2.362         0.917         0.0061      Golden          0.22            695,045       1,434,562   -937,712 -1,887,908
2026-08-04  2.17 2.196 2.179  2.237  2.360         0.888        -0.0019       Death          0.23           -652,228      -1,638,642 -1,070,018 -2,175,041
2026-08-05  2.18 2.191 2.180  2.236  2.358         0.639        -0.0060       Death          0.18                           -389,852 -1,287,244 -2,006,290
2026-08-06  2.17 2.184 2.179  2.235  2.356         1.199        -0.0099       Death          0.33          2,047,042        -384,105   -739,966 -1,193,270

--------------------------------------------------------------------------------
生成时间: 2026-08-06 16:44:56


================================================================================
【周度走势数据】
================================================================================

问题: 对锦鑫生殖 (01951)进行周度走势复盘分析，复盘区间：2026年01月02日 – 2026年07月24日（共30周）

      date open high  low close week_change_pct volume_ratio turnover_rate  ema5 ema20 ema100 ema200 macd_histogram macd_status rsi14 institutional_flow individual_flow   inst_5ma    ind_5ma
2026-01-02 2.43 2.44 2.32  2.36          -2.48%        0.632         1.51% 2.416 2.556  3.105  4.365        -0.0118             40.60         -4,142,150      -9,729,210  4,118,652  5,585,466
2026-01-09 2.36 2.50 2.34  2.47           4.66%        1.345         3.90% 2.434 2.548  3.092  4.346         0.0052             45.13          6,311,390      23,021,910 -3,071,070  8,536,332
2026-01-16 2.46 2.57 2.40  2.42          -2.02%        1.482         5.66% 2.429 2.536  3.079  4.327         0.0114             43.50        -21,582,680      -9,296,660 -4,734,548  3,338,724
2026-01-23 2.43 2.63 2.40  2.49           2.89%        1.285         5.73% 2.449 2.531  3.067  4.308         0.0258             46.41          2,545,620       7,804,310 -3,672,764  2,000,740
2026-01-30 2.49 2.50 2.39  2.40          -3.61%        0.836         3.45% 2.433 2.519  3.054  4.289         0.0242             43.32         -5,680,000      -2,947,400 -4,509,564  1,770,590
2026-02-06 2.40 2.43 2.34  2.38          -0.83%        0.742         2.71% 2.415 2.506  3.041  4.270         0.0214             42.65           -207,390       1,009,460 -3,722,612  3,918,324
2026-02-13 2.41 2.49 2.38  2.44           2.52%        0.744         2.41% 2.424 2.499  3.029  4.252         0.0282             45.41          4,654,250        -668,570 -4,054,040   -819,772
2026-02-20 2.40 2.44 2.38  2.43          -0.41%        0.079         0.17% 2.426 2.493  3.017  4.234         0.0317             45.02                  0         484,020    262,496  1,136,364
2026-02-27 2.43 2.51 2.37  2.46           1.23%        1.114         2.62% 2.437 2.490  3.006  4.216         0.0380             46.50        -13,081,530        -430,020 -2,862,934   -510,502
2026-03-06 2.43 2.50 2.25  2.47           0.41%        1.584         5.27% 2.448 2.488  2.995  4.199         0.0430             47.01         12,596,380      -9,318,180    792,342 -1,784,658
2026-03-13 2.39 2.44 2.17  2.18         -11.74%        1.352         5.45% 2.359 2.459  2.979  4.179         0.0086             36.19        -35,388,680      -8,224,710 -6,243,916 -3,631,492
2026-03-20 2.19 2.34 2.15  2.16          -0.92%        0.919         3.55% 2.292 2.430  2.963  4.159        -0.0142             35.58            805,440       2,277,350 -7,013,678 -3,042,308
2026-03-27 2.11 2.30 2.05  2.28           5.56%        1.192         5.11% 2.288 2.416  2.949  4.140        -0.0108             41.89         24,652,060     -14,375,860 -2,083,266 -6,014,284
2026-04-03 2.26 2.48 2.25  2.47           8.33%        0.975         4.13% 2.349 2.421  2.940  4.123         0.0180             50.21         35,290,000       4,860,000  9,018,558 11,104,066
2026-04-10 2.49 2.49 2.39  2.43          -1.62%        0.583         2.07% 2.376 2.422  2.930  4.107         0.0316             48.63        -11,850,000      -8,135,980  2,701,764 -4,719,840
2026-04-17 2.39 2.41 2.31  2.32          -4.53%        0.785         2.51% 2.357 2.412  2.918  4.089         0.0262             44.49         -7,364,690        -402,560  8,306,562 -3,155,410
2026-04-24 2.34 2.47 2.31  2.43           4.74%        0.811         2.37% 2.382 2.414  2.908  4.072         0.0370             49.16         23,311,360        -397,890 12,807,746 -3,690,458
2026-05-01 2.43 2.44 2.31  2.35          -3.29%        0.665         1.67% 2.371 2.408  2.897  4.055         0.0331             46.12         -8,655,460       2,731,510  8,158,724 12,798,972
2026-05-08 2.35 2.40 2.31  2.37           0.85%        0.833         1.93% 2.371 2.404  2.887  4.038         0.0329             47.00         -8,673,030      11,878,740 -2,646,364  1,134,764
2026-05-15 2.36 2.39 2.30  2.34          -1.27%        1.164         2.94% 2.360 2.398  2.876  4.022         0.0286             45.79         -5,501,040      -4,218,510 -1,376,572  1,918,258
2026-05-22 2.34 2.34 2.19  2.22          -5.13%        1.066         2.77% 2.314 2.381  2.863  4.004         0.0103             41.22          2,943,430     -11,426,180    685,052   -286,466
2026-05-29 2.22 2.24 2.09  2.20          -0.90%        0.966         2.47% 2.276 2.364  2.850  3.986        -0.0029             40.50         -9,139,660      -1,268,180 -5,805,152   -460,524
2026-06-05 2.22 2.36 2.20  2.23           1.36%        0.987         2.52% 2.261 2.351  2.837  3.968        -0.0060             42.14         -2,061,900      -1,592,980 -4,486,440 -1,325,422
2026-06-12 2.19 2.23 2.08  2.15          -3.59%        0.833         1.96% 2.224 2.332  2.824  3.950        -0.0165             39.04          2,038,890        -463,130 -2,344,056 -3,793,796
2026-06-19 2.16 2.17 1.99  1.99          -7.44%        0.695         1.42% 2.146 2.299  2.807  3.931        -0.0414             33.70         -6,806,300      -4,734,430 -2,544,536   -641,914
2026-06-26 2.00 2.08 1.93  1.93          -3.02%        1.298         3.13% 2.074 2.264  2.790  3.911        -0.0610             31.94            420,000      -3,647,460 -3,109,794 -2,341,236
2026-07-03 1.96 2.13 1.92  2.12           9.84%        1.259         3.47% 2.089 2.250  2.777  3.893        -0.0443             42.25         -2,440,150     -34,324,760 -1,769,892 -8,952,552
2026-07-10 2.11 2.18 2.02  2.12           0.00%        0.755         1.86% 2.099 2.238  2.764  3.875        -0.0299             42.25         -1,220,260       2,535,150 -1,601,564 -8,126,926
2026-07-17 2.12 2.35 2.06  2.18           2.83%        1.191         3.24% 2.126 2.233  2.752  3.858        -0.0099             45.28         10,271,625       3,477,385     44,983 -7,338,823
2026-07-24 2.19 2.26 2.12  2.21           1.38%        0.754         1.82% 2.154 2.230  2.741  3.842         0.0087             46.79        -11,814,520      -7,057,530  1,303,544 -1,199,420

--------------------------------------------------------------------------------
生成时间: 2026-07-27 15:17:50


--------------------------------------------------------------------------------
合并生成时间: 2026-08-06 16:45:28
