请作为一家国际资产管理公司(QS财富方舟)的AI投资委员会，对以下港股 00357_美兰空港进行机构级每日复盘，2026-08-06。

请作为一家国际资产管理公司(QS财富方舟)的AI投资委员会，对以下港股进行机构级复盘。

【一、事件复盘】
- 今天发生了什么？
- 哪些事件真正影响股价？
- 哪些只是市场噪音？

【二、公司基本面】
- 今天的信息是否改变公司的长期价值？
- 是否影响竞争优势、盈利能力、现金流或行业地位？

【三、资金行为】
- 南向资金、机构、散户、量化、做空资金分别在做什么？
- 是否存在资金分歧？

【四、技术结构】
- 趋势是否发生变化？
- 哪些信号有效？哪些属于噪音？
- 支撑位、压力位、成交量结构是否确认趋势？

【五、估值分析】
- 当前估值相对于历史、同行和成长性是否合理？
- 市场是在交易预期还是交易现实？
- 估值逻辑是否发生变化？

【六、风险分析】
- 如果你是做空机构，你会攻击哪些点？
- 哪些风险已被市场充分定价？哪些仍可能被低估？

【七、情景推演】
请分别构建乐观、基准、悲观三个剧本，并说明：
- 触发条件
- 概率
- 关键验证指标
- 应对策略

【八、投资委员会总结】
请分别给出：
- 长线价值投资者观点
- 中线趋势投资者观点
- 短线交易者观点

最后输出：
1. 综合评分（100分）
2. 基本面评分
3. 资金面评分
4. 技术面评分
5. 风险评分
6. 当前所处阶段（底部 / 吸筹 / 突破 / 主升 / 高潮 / 派发 / 调整 / 熊市）
7. 建议（买入、增持、持有、减持、观望）
8. 未来一周、一个月、一个季度需要重点跟踪的指标和事件。


================================================================================
【日度走势数据】
================================================================================

问题: 对美兰空港 (00357)近日走势进行复盘分析，复盘区间：2026年06月25日 – 2026年08月06日

      date close  ema5 ema20 ema100 ema200 volume_ratio5 macd_histogram macd_status turnover_rate institutional_flow individual_flow  inst_5ma  ind_5ma
2026-06-25  4.36 4.436 4.723  6.581  7.817         1.209         0.0505      Golden          0.37           -654,840        -301,300    -2,644 -428,234
2026-06-26  4.10 4.324 4.664  6.532  7.780         1.556         0.0169      Golden          0.48           -687,970      -1,370,020  -225,186 -608,942
2026-06-29  4.15 4.266 4.615  6.485  7.744         0.931         0.0071      Golden          0.33            180,400         142,320  -171,994 -525,926
2026-06-30  4.00 4.177 4.556  6.436  7.707         0.773        -0.0127       Death          0.30            120,300        -255,360  -237,264 -531,014
2026-07-02  4.14 4.165 4.517  6.390  7.671         0.873        -0.0007       Death          0.29            150,860         467,110  -178,250 -263,450
2026-07-03  4.38 4.237 4.504  6.351  7.638         0.639         0.0433      Golden          0.23           -238,140        -155,530   -94,910 -234,296
2026-07-06  4.44 4.304 4.498  6.313  7.607         0.750         0.0821      Golden          0.24                           -142,780    42,684   11,152
2026-07-07  4.28 4.296 4.477  6.272  7.573         0.134         0.0872      Golden          0.04           -134,230        -120,620   -20,242  -41,436
2026-07-08  4.19 4.261 4.450  6.231  7.540         0.458         0.0798      Golden          0.10                           -172,150   -44,302  -24,794
2026-07-09  4.18 4.234 4.424  6.191  7.506         0.891         0.0748      Golden          0.16            415,000          90,120     8,526 -100,192
2026-07-10  4.16 4.209 4.399  6.150  7.473         0.626         0.0703      Golden          0.10                            181,420    56,154  -32,802
2026-07-13  4.18 4.200 4.378  6.111  7.440         4.618         0.0712      Golden          0.59          3,220,000          47,380   700,154    5,230
2026-07-14  4.14 4.180 4.355  6.072  7.407         0.482         0.0676      Golden          0.10                             46,690   727,000   38,692
2026-07-15  4.19 4.183 4.340  6.035  7.375         0.966         0.0728      Golden          0.20          1,134,000         257,180   953,800  124,558
2026-07-16  4.33 4.232 4.339  6.001  7.345         2.748         0.0944      Golden          0.63          2,546,110         370,350 1,380,022  180,604
2026-07-17  4.26 4.241 4.331  5.967  7.314         0.559         0.0983      Golden          0.18                           -242,500 1,380,022   95,820
2026-07-20  4.23 4.238 4.321  5.932  7.284         0.811         0.0957      Golden          0.27          1,319,310        -204,350   999,884   45,474
2026-07-21  4.47 4.315 4.336  5.903  7.256         0.658         0.1234      Golden          0.18            129,000         244,550 1,025,684   85,046
2026-07-22  4.36 4.330 4.338  5.873  7.227         0.357         0.1237      Golden          0.10            131,400         -74,400   825,164   18,730
2026-07-23  4.60 4.420 4.363  5.848  7.201         0.374         0.1512      Golden          0.10                             70,470   315,942  -41,246
2026-07-24  4.52 4.453 4.378  5.821  7.174         0.505         0.1531      Golden          0.08                            293,870   315,942   66,028
2026-07-27  4.98 4.629 4.435  5.805  7.152         2.179         0.2075      Golden          0.33            156,480         689,430    83,376  244,784
2026-07-28  5.04 4.766 4.493  5.790  7.131         1.415         0.2403      Golden          0.23                             76,330    57,576  211,140
2026-07-29  5.69 5.074 4.607  5.788  7.117         2.718         0.3327      Golden          0.46          1,020,220       1,407,790   235,340  507,578
2026-07-30  5.57 5.239 4.699  5.783  7.102         0.984         0.3586      Golden          0.24            173,290       1,421,250   269,998  777,734
2026-07-31  5.43 5.303 4.768  5.776  7.085         0.882         0.3380      Golden          0.24              1,680         557,450   270,334  830,450
2026-08-03  5.48 5.362 4.836  5.770  7.069         0.255         0.3129      Golden          0.08            404,340         264,945   319,906  745,553
2026-08-04  5.68 5.468 4.916  5.769  7.055         0.651         0.3046      Golden          0.16                            423,565   319,906  815,000
2026-08-05  5.65 5.529 4.986  5.766  7.041         1.428         0.2774      Golden          0.33            -58,460       1,249,745   104,170  783,391
2026-08-06  5.57 5.542 5.042  5.762  7.026         0.847         0.2326      Golden          0.18            382,445       1,141,200   146,001  727,381

--------------------------------------------------------------------------------
生成时间: 2026-08-06 16:44:56


================================================================================
【周度走势数据】
================================================================================

问题: 对美兰空港 (00357)进行周度走势复盘分析，复盘区间：2026年01月02日 – 2026年07月24日（共30周）

      date  open  high   low close week_change_pct volume_ratio turnover_rate   ema5  ema20 ema100 ema200 macd_histogram macd_status rsi14 institutional_flow individual_flow    inst_5ma    ind_5ma
2026-01-02 10.70 10.90 10.62 10.65          -0.47%        0.794         3.92% 10.646 10.525 10.259 11.907        -0.0347             55.76        -17,427,020     -11,331,740   1,793,884  2,219,398
2026-01-09 10.63 10.74 10.60 10.62          -0.28%        1.568        10.83% 10.637 10.534 10.266 11.894        -0.0388             54.85        -73,850,270      -6,839,910 -12,939,178    405,124
2026-01-16 10.60 10.69 10.56 10.61          -0.09%        0.566         3.20% 10.628 10.542 10.273 11.882        -0.0433             54.53        -11,583,850       2,990,640 -21,702,320   -571,970
2026-01-23 10.61 10.65 10.58 10.61           0.00%        0.340         1.45% 10.622 10.548 10.279 11.869        -0.0463             54.53          4,362,260       2,297,850 -17,673,882 -1,536,598
2026-01-30 10.58 10.63 10.05 10.37          -2.26%        0.941         3.89% 10.538 10.531 10.281 11.854        -0.0788             46.94        -17,373,350       4,366,420 -23,174,446 -1,703,348
2026-02-06 10.37 10.37  9.74  9.99          -3.66%        0.668         2.38% 10.355 10.480 10.275 11.836        -0.1458             37.94         10,359,830       9,961,630 -17,617,076  2,555,326
2026-02-13  9.99 10.17  9.20  9.29          -7.01%        0.676         2.07% 10.000 10.366 10.256 11.810        -0.2713             27.48           -175,000       8,587,270  -2,882,022  5,640,762
2026-02-20  9.29  9.44  8.88  9.02          -2.91%        0.248         0.56%  9.673 10.238 10.231 11.782        -0.3716             24.66            443,270       1,854,010    -476,598  5,413,436
2026-02-27  9.05  9.20  8.56  8.70          -3.55%        0.851         1.76%  9.349 10.092 10.201 11.752        -0.4562             21.80          1,971,520      -2,172,260    -954,746  4,519,414
2026-03-06  8.60  8.60  7.48  8.00          -8.05%        1.098         2.38%  8.899  9.892 10.158 11.714        -0.5740             17.12          3,081,370        -978,440   3,136,198  3,450,442
2026-03-13  7.89  8.08  7.50  7.99          -0.12%        0.742         1.43%  8.596  9.711 10.115 11.677        -0.6171             17.07          6,978,780       3,940,890   2,459,988  2,246,294
2026-03-20  7.99  8.05  7.06  7.15         -10.51%        0.814         1.44%  8.114  9.467 10.056 11.632        -0.7157             13.15          4,247,430         256,460   3,344,474    580,132
2026-03-27  7.02  7.22  6.71  6.72          -6.01%        0.937         1.60%  7.649  9.206  9.990 11.583        -0.7899             11.68          2,326,470      -3,452,140   3,721,114   -481,098
2026-04-03  6.66  6.69  6.05  6.32          -5.95%        0.934         1.55%  7.206  8.931  9.917 11.531        -0.8393             10.50           -761,120        -661,360 -13,046,494 -5,357,402
2026-04-10  6.32  6.67  6.22  6.58           4.11%        0.661         0.93%  6.998  8.707  9.851 11.482        -0.7844             16.41            791,580         161,100   2,716,628     48,990
2026-04-17  6.50  6.60  6.15  6.27          -4.71%        1.107         1.66%  6.755  8.475  9.780 11.430        -0.7380             15.13          2,361,460         945,710   1,793,164   -550,046
2026-04-24  6.27  6.35  5.93  6.06          -3.35%        0.833         1.15%  6.523  8.245  9.707 11.377        -0.6848             14.31            116,340        -910,200     966,946   -783,378
2026-05-01  6.10  6.59  6.07  6.13           1.16%        0.737         0.89%  6.392  8.043  9.636 11.324        -0.5930             15.94            706,470        -179,640 -12,737,732 -5,625,666
2026-05-08  6.13  6.41  5.99  6.03          -1.63%        1.044         1.30%  6.271  7.852  9.564 11.272        -0.5021             15.49          2,989,170       1,506,250   1,393,004    304,644
2026-05-15  6.03  6.04  5.65  5.80          -3.81%        0.878         1.03%  6.114  7.656  9.490 11.217        -0.4319             14.47             62,640      -1,117,080   1,247,216     49,008
2026-05-22  5.80  5.82  5.41  5.47          -5.69%        0.882         0.97%  5.900  7.448  9.410 11.160        -0.3902             13.13          1,070,400      -2,421,260     989,004   -624,386
2026-05-29  5.47  5.47  4.71  4.71         -13.89%        1.857         3.60%  5.503  7.187  9.317 11.096        -0.4226             10.69            565,360      -5,447,480   1,078,808 -1,531,842
2026-06-05  4.73  5.00  4.58  4.71           0.00%        0.871         1.58%  5.239  6.951  9.226 11.032        -0.4017             10.69          2,719,910         789,230   1,481,496 -1,338,068
2026-06-12  4.71  4.80  4.32  4.58          -2.76%        1.077         2.04%  5.019  6.726  9.134 10.968        -0.3642             10.31            342,240        -349,390     952,110 -1,709,196
2026-06-19  4.48  4.86  4.48  4.62           0.87%        0.692         1.14%  4.886  6.525  9.044 10.905        -0.2957             11.36            622,000      -1,087,160  -7,342,636 -6,189,598
2026-06-26  4.49  4.55  4.03  4.10         -11.26%        1.060         1.79%  4.624  6.294  8.947 10.837        -0.2822              9.76         -1,125,930      -3,044,710     624,716 -1,827,902
2026-07-03  4.02  4.42  3.94  4.38           6.83%        0.760         1.15%  4.543  6.112  8.856 10.773        -0.2011             16.55            213,420         198,540     554,328   -698,698
2026-07-10  4.41  4.60  4.02  4.16          -5.02%        0.525         0.64%  4.415  5.926  8.763 10.707        -0.1452             15.56            280,770        -164,010      66,500   -889,346
2026-07-17  4.16  4.39  4.00  4.26           2.40%        1.231         1.70%  4.363  5.767  8.674 10.643        -0.0669             17.97          6,900,110         479,100   1,378,074   -723,648
2026-07-24  4.26  4.64  4.18  4.52           6.10%        0.641         0.73%  4.416  5.648  8.592 10.582         0.0418             24.02          1,579,710         330,140   2,455,306    720,430

--------------------------------------------------------------------------------
生成时间: 2026-07-27 15:17:50


--------------------------------------------------------------------------------
合并生成时间: 2026-08-06 16:45:28
