请作为一家国际资产管理公司(QS财富方舟)的AI投资委员会，对以下港股 00354_中软国际进行机构级每日复盘，2026-08-06。

请作为一家国际资产管理公司(QS财富方舟)的AI投资委员会，对以下港股进行机构级复盘。

【一、事件复盘】
- 今天发生了什么？
- 哪些事件真正影响股价？
- 哪些只是市场噪音？

【二、公司基本面】
- 今天的信息是否改变公司的长期价值？
- 是否影响竞争优势、盈利能力、现金流或行业地位？

【三、资金行为】
- 南向资金、机构、散户、量化、做空资金分别在做什么？
- 是否存在资金分歧？

【四、技术结构】
- 趋势是否发生变化？
- 哪些信号有效？哪些属于噪音？
- 支撑位、压力位、成交量结构是否确认趋势？

【五、估值分析】
- 当前估值相对于历史、同行和成长性是否合理？
- 市场是在交易预期还是交易现实？
- 估值逻辑是否发生变化？

【六、风险分析】
- 如果你是做空机构，你会攻击哪些点？
- 哪些风险已被市场充分定价？哪些仍可能被低估？

【七、情景推演】
请分别构建乐观、基准、悲观三个剧本，并说明：
- 触发条件
- 概率
- 关键验证指标
- 应对策略

【八、投资委员会总结】
请分别给出：
- 长线价值投资者观点
- 中线趋势投资者观点
- 短线交易者观点

最后输出：
1. 综合评分（100分）
2. 基本面评分
3. 资金面评分
4. 技术面评分
5. 风险评分
6. 当前所处阶段（底部 / 吸筹 / 突破 / 主升 / 高潮 / 派发 / 调整 / 熊市）
7. 建议（买入、增持、持有、减持、观望）
8. 未来一周、一个月、一个季度需要重点跟踪的指标和事件。


================================================================================
【日度走势数据】
================================================================================

问题: 对中软国际 (00354)近日走势进行复盘分析，复盘区间：2026年06月25日 – 2026年08月06日

      date close  ema5 ema20 ema100 ema200 volume_ratio5 macd_histogram macd_status turnover_rate institutional_flow individual_flow    inst_5ma    ind_5ma
2026-06-25  2.97 3.121 3.464  3.876  4.332         1.041        -0.2181       Death          1.07            130,000       5,910,000 -11,772,000  7,860,780
2026-06-26  2.92 3.054 3.412  3.857  4.318         0.596        -0.2122       Death          0.63         -2,302,240       3,720,000  -7,900,448  6,814,000
2026-06-29  2.97 3.026 3.370  3.839  4.305         0.665        -0.1897       Death          0.59           -565,560       4,550,000  -8,003,560  7,446,000
2026-06-30  2.90 2.984 3.325  3.821  4.291         1.094        -0.1731       Death          0.96        -10,380,000       2,630,000  -4,953,560  4,788,000
2026-07-02  3.03 2.999 3.297  3.805  4.278         0.845        -0.1349       Death          0.70           -630,000       5,103,760  -2,749,560  4,382,752
2026-07-03  3.08 3.026 3.276  3.791  4.267         0.879        -0.0953       Death          0.70         -4,970,000         430,000  -3,769,560  3,286,752
2026-07-06  3.08 3.044 3.258  3.777  4.255         0.790        -0.0629       Death          0.57        -11,140,000      -1,330,000  -5,537,112  2,276,752
2026-07-07  2.96 3.016 3.229  3.761  4.242         0.956        -0.0519       Death          0.67         -5,910,000          50,000  -6,606,000  1,376,752
2026-07-08  3.11 3.047 3.218  3.748  4.231         1.360        -0.0204       Death          0.98         -6,890,000       6,380,000  -5,908,000  2,126,752
2026-07-09  3.11 3.068 3.208  3.735  4.219         1.197         0.0033      Golden          0.87            451,000       4,980,000  -5,691,800  2,102,000
2026-07-10  3.16 3.099 3.203  3.724  4.209         1.156         0.0272      Golden          0.87          5,133,520         800,000  -3,671,096  2,176,000
2026-07-13  3.06 3.086 3.189  3.710  4.197         1.291         0.0307      Golden          1.02           -564,860      -5,398,080  -1,556,068  1,362,384
2026-07-14  3.07 3.081 3.178  3.698  4.186         0.643         0.0353      Golden          0.57            -70,000       1,702,240    -388,068  1,692,832
2026-07-15  3.02 3.060 3.163  3.684  4.175         0.695         0.0326      Golden          0.60         -9,795,140      -4,120,080    -969,096   -407,184
2026-07-16  3.12 3.080 3.159  3.673  4.164         0.856         0.0445      Golden          0.67          6,933,040       6,051,600     327,312   -192,864
2026-07-17  2.96 3.040 3.140  3.659  4.152         1.419         0.0316      Golden          1.06        -18,390,660      -6,681,880  -4,377,524 -1,689,240
2026-07-20  3.64 3.240 3.188  3.659  4.147        16.114         0.1111      Golden         12.63         -5,212,340      43,470,320  -5,307,020  8,084,440
2026-07-21  3.60 3.360 3.227  3.658  4.142         2.778         0.1521      Golden          8.63        -11,946,860       4,451,720  -7,682,392  8,634,336
2026-07-22  3.62 3.447 3.264  3.657  4.136         1.088         0.1741      Golden          5.14          9,770,780      12,187,600  -3,769,208 11,895,872
2026-07-23  3.44 3.444 3.281  3.652  4.129         0.353         0.1572      Golden          1.98         -7,257,840     -16,434,800  -6,607,384  7,398,592
2026-07-24  3.26 3.383 3.279  3.645  4.121         0.287         0.1164      Golden          1.69         -2,917,060     -22,828,180  -3,512,664  4,169,332
2026-07-27  3.35 3.372 3.286  3.639  4.113         0.239         0.0970      Golden          1.44         10,970,680      -6,897,060    -276,060 -5,904,144
2026-07-28  3.51 3.418 3.307  3.636  4.107         1.197         0.1007      Golden          4.52         32,376,180       7,778,360   8,588,548 -5,238,816
2026-07-29  3.54 3.459 3.329  3.634  4.102         0.630         0.1018      Golden          1.86         -4,473,600       2,230,160   5,739,672 -7,230,304
2026-07-30  3.69 3.536 3.364  3.636  4.097         1.136         0.1165      Golden          2.61         36,118,040      -6,281,040  14,414,848 -5,199,552
2026-07-31  3.93 3.667 3.418  3.641  4.096         1.695         0.1499      Golden          4.11         30,683,400      55,470,000  21,134,940 10,460,084
2026-08-03  3.78 3.705 3.452  3.644  4.093         0.821         0.1434      Golden          2.39        -14,095,180     -47,400,130  16,121,768  2,359,470
2026-08-04  3.79 3.733 3.484  3.647  4.090         0.347         0.1322      Golden          1.08         -4,061,150      -9,533,080   8,834,302 -1,102,818
2026-08-05  3.76 3.742 3.511  3.649  4.086         1.178         0.1132      Golden          2.84        -11,792,780     -20,749,870   7,370,466 -5,698,824
2026-08-06  3.70 3.728 3.529  3.650  4.082         0.407         0.0863      Golden          1.06         -5,282,580      -7,223,430    -909,658 -5,887,302

--------------------------------------------------------------------------------
生成时间: 2026-08-06 16:44:56


================================================================================
【周度走势数据】
================================================================================

问题: 对中软国际 (00354)进行周度走势复盘分析，复盘区间：2026年01月02日 – 2026年07月24日（共30周）

      date open high  low close week_change_pct volume_ratio turnover_rate  ema5 ema20 ema100 ema200 macd_histogram macd_status rsi14 institutional_flow individual_flow    inst_5ma     ind_5ma
2026-01-02 5.05 5.17 4.90  5.12           2.20%        0.785         1.79% 5.114 5.404  5.356  5.544        -0.2024             43.29        -27,694,900      -7,720,000 -12,411,240  -6,053,268
2026-01-09 5.11 5.21 5.04  5.17           0.98%        1.310         3.55% 5.133 5.382  5.352  5.540        -0.1634             44.49            630,000      10,040,080  -7,328,748  -1,282,272
2026-01-16 5.26 5.66 5.25  5.40           4.45%        1.732         7.39% 5.222 5.384  5.353  5.539        -0.1002             49.78         33,070,000      17,990,000   1,226,252   3,987,472
2026-01-23 5.41 5.41 5.13  5.29          -2.04%        0.793         3.08% 5.244 5.375  5.352  5.536        -0.0683             47.45        -28,460,560      -3,560,000  -3,927,860   2,190,672
2026-01-30 5.31 5.32 4.95  4.99          -5.67%        0.922         3.44% 5.160 5.338  5.344  5.531        -0.0817             41.72        -42,157,920     -25,065,240 -12,922,676  -1,663,032
2026-02-06 4.97 4.97 4.39  4.47         -10.42%        1.465         7.11% 4.930 5.255  5.327  5.520        -0.1508             34.05        -51,470,000      59,222,080 -17,677,696  11,725,384
2026-02-13 4.53 4.63 4.37  4.49           0.45%        0.700         2.94% 4.783 5.182  5.311  5.510        -0.1819             34.55         -7,649,900       1,401,160 -19,333,676   9,997,600
2026-02-20 4.49 4.50 4.31  4.34          -3.34%        0.244         0.75% 4.635 5.102  5.291  5.498        -0.2088             32.56          4,180,000      -2,577,000 -25,111,676   5,884,200
2026-02-27 4.36 4.47 4.09  4.22          -2.76%        1.381         5.23% 4.497 5.018  5.270  5.486        -0.2274             31.02        -20,827,760     -11,395,340 -23,585,116   4,317,132
2026-03-06 4.15 4.15 3.68  3.92          -7.11%        1.352         6.19% 4.305 4.914  5.243  5.470        -0.2622             27.52         -1,133,420     -27,894,360 -15,380,216   3,751,308
2026-03-13 3.74 4.00 3.71  3.77          -3.83%        0.850         3.64% 4.126 4.805  5.214  5.453        -0.2857             25.94         -5,499,140      -6,136,140  -6,186,044  -9,320,336
2026-03-20 3.80 3.89 3.64  3.66          -2.92%        0.895         3.62% 3.971 4.696  5.183  5.435        -0.2950             24.82        -26,000,000     -11,318,180  -9,856,064 -11,864,204
2026-03-27 3.64 3.64 3.19  3.38          -7.65%        1.364         6.75% 3.774 4.570  5.148  5.415        -0.3161             22.19         43,980,000      -8,264,700  -1,896,064 -13,001,744
2026-04-03 3.30 3.42 3.19  3.42           1.18%        0.842         3.87% 3.656 4.461  5.114  5.395        -0.3018             23.44         21,217,780      -1,208,140   5,849,804   7,184,324
2026-04-10 3.46 3.61 3.42  3.45           0.88%        0.695         2.77% 3.587 4.365  5.081  5.376        -0.2666             24.42         10,170,000      -2,568,200   8,773,728  -5,899,072
2026-04-17 3.45 3.67 3.39  3.65           5.80%        0.987         3.90% 3.608 4.296  5.052  5.358        -0.1980             30.78         31,663,720       9,793,460  16,206,300  -2,713,152
2026-04-24 3.66 3.69 3.43  3.51          -3.84%        0.777         2.77% 3.575 4.222  5.022  5.340        -0.1549             28.94         10,991,880         480,000  23,604,676    -353,516
2026-05-01 3.51 3.54 3.35  3.39          -3.42%        0.610         1.82% 3.514 4.142  4.989  5.321        -0.1272             27.43         -5,302,500      12,276,600   6,877,304  12,694,348
2026-05-08 3.45 3.59 3.25  3.51           3.54%        1.275         4.40% 3.512 4.082  4.960  5.303        -0.0796             31.29         13,739,980      46,540,140  12,252,616  13,304,400
2026-05-15 3.51 3.51 3.09  3.13         -10.83%        1.113         4.08% 3.385 3.991  4.924  5.281        -0.0857             26.49        -44,193,520      -9,670,000   1,379,912  11,884,040
2026-05-22 3.10 3.31 3.05  3.28           4.79%        1.075         4.10% 3.350 3.924  4.891  5.261        -0.0573             30.99         -9,799,600       8,490,000  -6,912,752  11,623,348
2026-05-29 3.29 3.83 3.19  3.65          11.28%        1.568         8.33% 3.450 3.898  4.867  5.245         0.0194             40.66        139,870,000         550,000  18,862,872  11,637,348
2026-06-05 3.72 4.90 3.71  4.24          16.16%        1.970        20.36% 3.713 3.930  4.854  5.235         0.1505             52.16        283,970,000     -33,740,000  76,717,372   2,434,028
2026-06-12 4.05 4.22 3.60  3.63         -14.39%        0.885         8.65% 3.686 3.902  4.830  5.219         0.1552             42.90       -122,270,000     -24,321,100  49,515,376 -11,738,220
2026-06-19 3.65 3.72 3.22  3.24         -10.74%        0.612         5.00% 3.537 3.839  4.799  5.199         0.1082             38.23        -87,050,000      -2,256,100 -19,874,696    -250,872
2026-06-26 3.27 3.27 2.90  2.92          -9.88%        0.642         4.46% 3.331 3.751  4.761  5.177         0.0400             34.87        -39,502,240      34,070,000  35,003,552  -5,139,440
2026-07-03 2.99 3.12 2.89  3.08           5.48%        0.526         2.95% 3.248 3.687  4.728  5.156         0.0232             37.81        -16,545,560      12,713,760   3,720,440  -2,706,688
2026-07-10 3.09 3.30 2.94  3.16           2.60%        0.782         3.96% 3.218 3.637  4.697  5.136         0.0292             39.29        -18,355,480      10,880,000 -56,744,656   6,217,312
2026-07-17 3.19 3.19 2.91  2.96          -6.33%        0.838         3.92% 3.132 3.573  4.663  5.114         0.0135             36.93        -21,887,620      -8,446,200 -36,668,180   9,392,292
2026-07-24 2.99 4.07 2.99  3.26          10.14%        2.288        30.07% 3.175 3.543  4.635  5.096         0.0487             42.51        -17,563,320      20,846,660 -17,176,376   4,772,460

--------------------------------------------------------------------------------
生成时间: 2026-07-27 15:17:50


--------------------------------------------------------------------------------
合并生成时间: 2026-08-06 16:45:28
