请作为一家国际资产管理公司(QS财富方舟)的AI投资委员会，对以下港股 00268_金蝶国际进行机构级每日复盘，2026-08-06。

请作为一家国际资产管理公司(QS财富方舟)的AI投资委员会，对以下港股进行机构级复盘。

【一、事件复盘】
- 今天发生了什么？
- 哪些事件真正影响股价？
- 哪些只是市场噪音？

【二、公司基本面】
- 今天的信息是否改变公司的长期价值？
- 是否影响竞争优势、盈利能力、现金流或行业地位？

【三、资金行为】
- 南向资金、机构、散户、量化、做空资金分别在做什么？
- 是否存在资金分歧？

【四、技术结构】
- 趋势是否发生变化？
- 哪些信号有效？哪些属于噪音？
- 支撑位、压力位、成交量结构是否确认趋势？

【五、估值分析】
- 当前估值相对于历史、同行和成长性是否合理？
- 市场是在交易预期还是交易现实？
- 估值逻辑是否发生变化？

【六、风险分析】
- 如果你是做空机构，你会攻击哪些点？
- 哪些风险已被市场充分定价？哪些仍可能被低估？

【七、情景推演】
请分别构建乐观、基准、悲观三个剧本，并说明：
- 触发条件
- 概率
- 关键验证指标
- 应对策略

【八、投资委员会总结】
请分别给出：
- 长线价值投资者观点
- 中线趋势投资者观点
- 短线交易者观点

最后输出：
1. 综合评分（100分）
2. 基本面评分
3. 资金面评分
4. 技术面评分
5. 风险评分
6. 当前所处阶段（底部 / 吸筹 / 突破 / 主升 / 高潮 / 派发 / 调整 / 熊市）
7. 建议（买入、增持、持有、减持、观望）
8. 未来一周、一个月、一个季度需要重点跟踪的指标和事件。


================================================================================
【日度走势数据】
================================================================================

问题: 对金蝶国际 (00268)近日走势进行复盘分析，复盘区间：2026年06月25日 – 2026年08月06日

      date close  ema5 ema20 ema100 ema200 volume_ratio5 macd_histogram macd_status turnover_rate institutional_flow individual_flow    inst_5ma     ind_5ma
2026-06-25  6.01 6.234 7.006  9.183 10.738         0.884        -0.2062       Death          0.93         -1,880,000      -1,740,000 -12,161,894 -15,228,000
2026-06-26  5.68 6.050 6.879  9.114 10.687         1.308        -0.2224       Death          1.43         11,990,000     -16,490,000  -9,068,000 -11,590,000
2026-06-29  6.09 6.063 6.804  9.054 10.642         1.008        -0.1596       Death          1.15         -6,640,000     -29,270,000 -12,724,000 -14,830,000
2026-06-30  5.92 6.015 6.720  8.992 10.595         0.812        -0.1243       Death          0.92         -8,820,780      -2,180,000  -8,318,156 -12,466,000
2026-07-02  6.18 6.070 6.669  8.936 10.551         1.102        -0.0530       Death          1.22         20,950,000     -25,540,000   3,119,844 -15,044,000
2026-07-03  6.35 6.164 6.638  8.885 10.509         0.744         0.0258      Golden          0.84        -13,750,000      -6,740,000     745,844 -16,044,000
2026-07-06  6.42 6.249 6.617  8.836 10.468         0.527         0.0924      Golden          0.58         -5,529,940     -12,300,000  -2,758,144 -15,206,000
2026-07-07  6.34 6.279 6.591  8.787 10.427         0.711         0.1284      Golden          0.67          5,525,120       1,486,310    -325,120  -9,054,738
2026-07-08  7.29 6.616 6.658  8.757 10.396         3.262         0.2746      Golden          2.76        120,010,000      55,280,000  25,441,036   2,437,262
2026-07-09  6.97 6.734 6.687  8.722 10.362         1.495         0.3195      Golden          1.82         22,590,000      32,440,000  25,769,036  14,033,262
2026-07-10  6.98 6.816 6.715  8.687 10.328         0.831         0.3398      Golden          1.11         45,160,000      21,740,000  37,551,036  19,729,262
2026-07-13  6.73 6.787 6.717  8.649 10.292         1.373         0.3098      Golden          1.91         73,100,000     -13,360,000  53,277,024  19,517,262
2026-07-14  6.76 6.778 6.721  8.611 10.257         1.664         0.2849      Golden          2.75         85,690,000     -27,470,000  69,310,000  13,726,000
2026-07-15  6.66 6.739 6.715  8.573 10.222         0.551         0.2471      Golden          1.14         24,644,640     -18,155,610  50,236,928    -961,122
2026-07-16  7.03 6.836 6.745  8.542 10.190         0.861         0.2628      Golden          1.50        -21,881,580      36,079,820  41,342,612    -233,158
2026-07-17  6.70 6.791 6.741  8.506 10.155         0.662         0.2211      Golden          1.11        -54,484,710       3,576,880  21,413,670  -3,865,782
2026-07-20  7.12 6.900 6.777  8.478 10.125         0.896         0.2409      Golden          1.51          5,998,930     -19,300,650   7,993,456  -5,053,912
2026-07-21  7.28 7.027 6.825  8.454 10.097         0.571         0.2646      Golden          0.92         12,837,230      11,901,830  -6,577,098   2,820,454
2026-07-22  7.43 7.161 6.882  8.434 10.070         0.975         0.2874      Golden          1.20         26,880,200      28,944,020  -6,129,986  12,240,380
2026-07-23  7.18 7.168 6.911  8.409 10.041         0.618         0.2569      Golden          0.77          4,147,600      -6,648,780    -924,150   3,694,660
2026-07-24  6.99 7.108 6.918  8.381 10.011         0.557         0.2016      Golden          0.62         10,431,610     -10,809,890  12,059,114     817,306
2026-07-27  7.18 7.132 6.943  8.357  9.983         0.774         0.1817      Golden          0.78         -2,505,800     -10,342,970  10,358,168   2,608,842
2026-07-28  7.39 7.218 6.986  8.338  9.957         1.584         0.1871      Golden          1.37        -19,526,700     -11,098,700   3,885,382  -1,991,264
2026-07-29  7.94 7.459 7.077  8.330  9.937         1.647         0.2512      Golden          1.57        -36,901,050      52,587,320  -8,870,868   2,737,396
2026-07-30  8.07 7.663 7.171  8.325  9.918         1.327         0.2944      Golden          1.36           -372,590      -8,719,460  -9,774,906   2,323,260
2026-07-31  8.33 7.885 7.282  8.325  9.902         2.287         0.3383      Golden          2.61         47,392,690     125,702,640  -2,382,690  29,625,766
2026-08-03  8.65 8.140 7.412  8.332  9.890         1.225         0.3871      Golden          1.88         11,218,645      75,120,420     362,199  46,718,444
2026-08-04  8.56 8.280 7.521  8.336  9.877         0.892         0.3833      Golden          1.57         43,252,715       6,436,715  12,918,082  50,225,527
2026-08-05  8.78 8.447 7.641  8.345  9.866         0.730         0.3853      Golden          1.31         32,680,515      20,760,395  26,834,395  43,860,142
2026-08-06  8.49 8.461 7.722  8.348  9.852         0.486         0.3250      Golden          0.85          9,659,350       3,123,475  28,840,783  46,228,729

--------------------------------------------------------------------------------
生成时间: 2026-08-06 16:44:56


================================================================================
【周度走势数据】
================================================================================

问题: 对金蝶国际 (00268)进行周度走势复盘分析，复盘区间：2026年01月02日 – 2026年07月24日（共30周）

      date  open  high   low close week_change_pct volume_ratio turnover_rate   ema5  ema20 ema100 ema200 macd_histogram macd_status rsi14 institutional_flow individual_flow    inst_5ma     ind_5ma
2026-01-02 13.52 14.32 13.13 14.15           5.99%        0.812         2.20% 13.833 14.521 12.946 12.999        -0.5698             47.79         21,980,000      89,102,980  23,914,102 104,183,876
2026-01-09 13.97 14.59 13.67 14.47           2.26%        1.209         3.62% 14.045 14.516 12.976 13.014        -0.3954             49.77         50,917,850     192,120,000  26,995,672 173,017,876
2026-01-16 14.95 17.07 14.82 15.13           4.56%        1.783         8.80% 14.407 14.575 13.019 13.035        -0.1805             53.68        342,539,680     669,980,000  84,943,506 280,567,876
2026-01-23 14.83 14.97 13.98 14.31          -5.42%        0.928         4.42% 14.375 14.550 13.044 13.047        -0.1399             48.62         38,724,680     178,926,960  94,334,442 235,589,268
2026-01-30 14.40 14.49 12.79 12.95          -9.50%        1.080         5.36% 13.900 14.397 13.042 13.047        -0.2794             41.61         10,558,040      97,484,520  92,944,050 245,522,892
2026-02-06 12.91 13.00 10.61 11.09         -14.36%        1.494         9.84% 12.963 14.082 13.004 13.027        -0.5875             34.32         10,180,000     113,680,000  90,584,050 250,438,296
2026-02-13 11.49 11.71 10.86 11.07          -0.18%        0.870         5.39% 12.332 13.795 12.965 13.008        -0.7490             34.25        -27,549,480      90,840,000  74,890,584 230,182,296
2026-02-20 11.07 11.16 10.43 10.53          -4.88%        0.271         1.22% 11.731 13.484 12.917 12.983        -0.8748             32.35         74,030,000      37,704,350  21,188,648 103,727,166
2026-02-27 10.65 10.95  9.70 10.07          -4.37%        1.388         7.81% 11.178 13.159 12.861 12.954        -0.9595             30.78        102,150,000      19,970,000  33,873,712  71,935,774
2026-03-06  9.82 10.01  9.06  9.66          -4.07%        1.035         5.93% 10.672 12.826 12.797 12.921        -1.0053             29.41         92,280,000      34,540,000  50,218,104  59,346,870
2026-03-13  9.20 10.05  9.05  9.09          -5.90%        0.986         5.60% 10.144 12.470 12.724 12.883        -1.0426             27.57         69,374,040      50,840,000  62,056,912  46,778,870
2026-03-20  9.18 10.20  8.91  9.60           5.61%        1.130         6.88%  9.963 12.197 12.662 12.850        -0.9322             31.68         25,709,280     182,440,000  72,708,664  65,098,870
2026-03-27  9.46  9.52  8.51  8.83          -8.02%        0.885         5.09%  9.585 11.876 12.586 12.810        -0.8964             29.00         57,976,380    -102,875,310  69,497,940  36,982,938
2026-04-03  8.53  8.79  8.25  8.41          -4.76%        0.894         4.89%  9.194 11.546 12.504 12.767        -0.8625             27.63        194,110,000    -141,590,000  95,058,284  70,781,280
2026-04-10  8.61  9.10  8.21  8.25          -1.90%        0.844         4.28%  8.879 11.232 12.419 12.722        -0.7964             27.11        103,230,000      40,347,170  90,079,940   5,832,372
2026-04-17  8.22  9.31  7.92  9.16          11.03%        1.201         6.75%  8.973 11.035 12.355 12.686        -0.5752             34.72        159,300,000      97,490,000 108,065,132  15,162,372
2026-04-24  9.16  9.44  8.33  8.49          -7.31%        0.776         3.93%  8.812 10.792 12.278 12.644        -0.4688             32.06         70,125,830     -11,355,000 116,948,442 -23,596,628
2026-05-01  8.50  8.58  8.17  8.55           0.71%        0.825         3.85%  8.725 10.579 12.204 12.604        -0.3456             32.56         48,540,000       5,550,000  96,367,712  72,885,280
2026-05-08  8.73  9.62  8.28  9.34           9.24%        1.088         5.29%  8.930 10.461 12.148 12.571        -0.1244             38.90        146,880,000      33,859,440 105,615,166  33,178,322
2026-05-15  9.20  9.35  8.14  8.23         -11.88%        1.054         5.27%  8.696 10.248 12.070 12.528        -0.0955             34.06         75,470,000    -110,290,000 100,063,166   3,050,888
2026-05-22  8.23  8.34  7.50  7.79          -5.35%        1.146         6.19%  8.394 10.014 11.985 12.481        -0.1031             32.34         87,640,000      41,707,160  85,731,166  -8,105,680
2026-05-29  7.51  7.66  6.94  7.27          -6.68%        1.343         8.76%  8.020  9.753 11.892 12.429        -0.1430             30.38        303,571,000     -11,468,680 132,420,200  -8,128,416
2026-06-05  7.67  9.19  7.50  7.98           9.77%        1.800        19.56%  8.006  9.584 11.815 12.385        -0.0438             36.06        319,020,000    -139,420,000 186,516,200 -37,122,416
2026-06-12  7.62  7.80  6.97  7.00         -12.28%        0.673         6.29%  7.671  9.338 11.719 12.331        -0.0783             32.16        -28,900,000     -53,746,080 151,360,200 -54,643,520
2026-06-19  7.08  7.19  6.36  6.45          -7.86%        0.567         4.35%  7.264  9.063 11.615 12.273        -0.1395             30.19         -1,319,470    -115,870,000  80,338,106 -24,132,720
2026-06-26  6.35  6.57  5.63  5.68         -11.94%        0.811         5.69%  6.736  8.741 11.497 12.207        -0.2422             27.63        -45,340,000     -57,950,000 109,406,306 -75,690,952
2026-07-03  5.90  6.45  5.85  6.35          11.80%        0.682         4.13%  6.607  8.513 11.395 12.149        -0.1811             32.95         -8,260,780     -63,730,000  47,039,950 -86,143,216
2026-07-10  6.35  7.35  6.22  6.98           9.92%        1.094         6.94%  6.732  8.367 11.308 12.097        -0.0253             37.60        187,755,180      98,646,310  20,786,986 -38,529,954
2026-07-17  6.98  7.14  6.37  6.70          -4.01%        1.196         8.41%  6.721  8.208 11.217 12.044         0.0657             36.39        107,068,350     -19,328,910  47,980,656 -31,646,520
2026-07-24  6.75  7.47  6.75  6.99           4.33%        0.788         5.02%  6.811  8.092 11.133 11.993         0.1839             38.59         60,295,570       4,086,530  63,827,220 -40,001,414

--------------------------------------------------------------------------------
生成时间: 2026-07-27 15:17:50


--------------------------------------------------------------------------------
合并生成时间: 2026-08-06 16:45:28
