请作为一家国际资产管理公司(QS财富方舟)的AI投资委员会，对以下港股 01093_石药集团进行机构级每日复盘，2026-08-06。

请作为一家国际资产管理公司(QS财富方舟)的AI投资委员会，对以下港股进行机构级复盘。

【一、事件复盘】
- 今天发生了什么？
- 哪些事件真正影响股价？
- 哪些只是市场噪音？

【二、公司基本面】
- 今天的信息是否改变公司的长期价值？
- 是否影响竞争优势、盈利能力、现金流或行业地位？

【三、资金行为】
- 南向资金、机构、散户、量化、做空资金分别在做什么？
- 是否存在资金分歧？

【四、技术结构】
- 趋势是否发生变化？
- 哪些信号有效？哪些属于噪音？
- 支撑位、压力位、成交量结构是否确认趋势？

【五、估值分析】
- 当前估值相对于历史、同行和成长性是否合理？
- 市场是在交易预期还是交易现实？
- 估值逻辑是否发生变化？

【六、风险分析】
- 如果你是做空机构，你会攻击哪些点？
- 哪些风险已被市场充分定价？哪些仍可能被低估？

【七、情景推演】
请分别构建乐观、基准、悲观三个剧本，并说明：
- 触发条件
- 概率
- 关键验证指标
- 应对策略

【八、投资委员会总结】
请分别给出：
- 长线价值投资者观点
- 中线趋势投资者观点
- 短线交易者观点

最后输出：
1. 综合评分（100分）
2. 基本面评分
3. 资金面评分
4. 技术面评分
5. 风险评分
6. 当前所处阶段（底部 / 吸筹 / 突破 / 主升 / 高潮 / 派发 / 调整 / 熊市）
7. 建议（买入、增持、持有、减持、观望）
8. 未来一周、一个月、一个季度需要重点跟踪的指标和事件。


================================================================================
【日度走势数据】
================================================================================

问题: 对石药集团 (01093)近日走势进行复盘分析，复盘区间：2026年06月25日 – 2026年08月06日

      date close  ema5 ema20 ema100 ema200 volume_ratio5 macd_histogram macd_status turnover_rate institutional_flow individual_flow   inst_5ma     ind_5ma
2026-06-25  6.65 6.739 7.009  8.016  8.109         1.194         0.0195      Golden          0.76         75,170,000      25,330,000 53,194,000   4,682,232
2026-06-26  6.69 6.722 6.978  7.990  8.094         1.061         0.0248      Golden          0.74          2,600,000     144,850,000 45,824,000  37,108,232
2026-06-29  7.15 6.865 6.995  7.973  8.085         1.892         0.0904      Golden          1.36        127,410,000     195,310,000 70,560,000  79,714,232
2026-06-30  6.97 6.900 6.992  7.953  8.074         1.361         0.1085      Golden          1.14          3,790,000     102,450,000 67,798,000 100,324,000
2026-07-02  7.55 7.117 7.045  7.945  8.069         1.526         0.1927      Golden          1.49         68,950,000     206,320,000 55,584,000 134,852,000
2026-07-03  8.00 7.411 7.136  7.946  8.068         1.414         0.2968      Golden          1.55        -22,570,000     136,660,000 36,036,000 157,118,000
2026-07-06  8.23 7.684 7.240  7.952  8.070         1.185         0.3792      Golden          1.49          1,900,000     206,560,000 35,896,000 169,460,000
2026-07-07  7.87 7.746 7.300  7.950  8.068         0.553         0.3675      Golden          0.78         40,630,000     -90,650,000 18,540,000 112,268,000
2026-07-08  7.84 7.777 7.352  7.948  8.065         0.602         0.3387      Golden          0.78         74,620,000     -55,290,000 32,706,000  80,720,000
2026-07-09  7.84 7.798 7.398  7.946  8.063         0.786         0.3038      Golden          0.96         62,610,000      -2,580,000 31,438,000  38,940,000
2026-07-10  8.11 7.902 7.466  7.949  8.064         1.186         0.3006      Golden          1.32         13,730,000     222,190,000 38,698,000  56,046,000
2026-07-13  8.16 7.988 7.532  7.953  8.065         0.897         0.2887      Golden          0.96         13,100,000     258,910,000 40,938,000  66,516,000
2026-07-14  8.11 8.029 7.587  7.956  8.065         0.940         0.2586      Golden          0.90         55,690,000     202,410,000 43,950,000 125,128,000
2026-07-15  8.43 8.162 7.667  7.966  8.069         1.570         0.2653      Golden          1.54         47,456,800     358,734,960 38,517,360 207,932,992
2026-07-16  8.60 8.308 7.756  7.978  8.074         0.983         0.2749      Golden          1.12         42,728,340     159,737,100 34,541,028 240,396,412
2026-07-17  8.10 8.239 7.789  7.981  8.074         1.071         0.1997      Golden          1.25         25,363,180    -121,726,380 36,867,664 171,613,136
2026-07-20  8.50 8.326 7.857  7.991  8.078         0.647         0.1897      Golden          0.75          9,960,740     130,994,540 36,239,812 146,030,044
2026-07-21  8.41 8.354 7.909  7.999  8.082         0.444         0.1581      Golden          0.49         11,090,360      91,392,500 27,319,884 123,826,544
2026-07-22  8.40 8.369 7.956  8.007  8.085         0.551         0.1246      Golden          0.57        -19,054,620      87,293,340 14,017,600  69,538,220
2026-07-23  8.37 8.370 7.996  8.014  8.088         0.308         0.0886      Golden          0.26         25,010,620      34,587,080 10,474,056  44,508,216
2026-07-24  8.55 8.430 8.048  8.025  8.092         1.786         0.0797      Golden          1.18         96,042,740      72,445,620 24,609,968  83,342,616
2026-07-27  8.30 8.386 8.072  8.030  8.094         1.047         0.0332      Golden          0.68         25,706,620      -4,524,320 27,759,144  56,238,844
2026-07-28  8.49 8.421 8.112  8.040  8.098         0.979         0.0215      Golden          0.62         47,138,100      58,774,480 34,968,692  49,715,240
2026-07-29  8.76 8.534 8.174  8.054  8.105         1.231         0.0425      Golden          0.82        -25,806,620      99,778,500 33,618,292  52,212,272
2026-07-30  8.55 8.539 8.210  8.064  8.109         0.948         0.0215      Golden          0.67         40,335,140     -22,010,400 36,683,196  40,892,776
2026-07-31  8.58 8.553 8.245  8.074  8.114         0.608         0.0059      Golden          0.48         21,208,440     -38,657,240 21,716,336  18,672,204
2026-08-03  8.46 8.522 8.265  8.082  8.118         0.698        -0.0247       Death          0.46          6,281,430      19,904,640 17,831,298  23,557,996
2026-08-04  8.48 8.508 8.286  8.089  8.121         0.777        -0.0452       Death          0.47          3,047,660      34,645,140  9,013,210  18,732,128
2026-08-05  8.38 8.465 8.295  8.095  8.124         1.114        -0.0734       Death          0.65         25,254,650     -66,588,140 19,225,464 -14,541,200
2026-08-06  8.50 8.477 8.314  8.103  8.127         0.874        -0.0768       Death          0.48            688,170      69,059,310 11,296,070   3,672,742

--------------------------------------------------------------------------------
生成时间: 2026-08-06 16:44:56


================================================================================
【周度走势数据】
================================================================================

问题: 对石药集团 (01093)进行周度走势复盘分析，复盘区间：2026年01月02日 – 2026年07月24日（共30周）

      date  open  high  low close week_change_pct volume_ratio turnover_rate  ema5 ema20 ema100 ema200 macd_histogram macd_status rsi14 institutional_flow individual_flow    inst_5ma      ind_5ma
2026-01-02  8.65  8.70 8.15  8.33          -3.36%        0.714         3.14% 8.138 8.155  6.897  6.658        -0.2144             52.22        306,290,000    -262,740,000  86,750,000   90,846,000
2026-01-09  8.34  9.16 8.23  9.03           8.40%        1.161         5.56% 8.435 8.239  6.940  6.682        -0.0618             57.05        203,050,000     908,200,000 131,878,000  309,256,000
2026-01-16  9.15 10.01 9.09  9.68           7.20%        1.210         6.46% 8.850 8.376  6.994  6.712         0.1174             61.00         19,610,000     370,420,000 182,658,000  342,324,000
2026-01-23  9.59  9.85 9.39  9.66          -0.21%        0.713         3.34% 9.120 8.498  7.047  6.741         0.2180             60.82        108,740,000     -97,090,000 165,468,000  245,314,000
2026-01-30  9.66 10.81 9.17  9.45          -2.17%        1.510         9.49% 9.230 8.589  7.094  6.768         0.2393             58.80        341,578,360     752,440,000 195,853,672  334,246,000
2026-02-06  9.55  9.95 8.97  9.51           0.63%        1.019         6.47% 9.323 8.676  7.142  6.795         0.2438             59.21        -72,490,000      41,240,000 120,097,672  395,042,000
2026-02-13  9.55 10.55 9.55  9.96           4.73%        0.713         3.94% 9.536 8.799  7.198  6.827         0.2866             62.29        278,860,000     480,900,000 135,259,672  309,582,000
2026-02-20 10.04 10.42 9.82 10.37           4.12%        0.157         0.61% 9.814 8.948  7.261  6.862         0.3455             64.89        -27,500,000     142,020,000 125,837,672  263,902,000
2026-02-27 10.45 10.74 9.31  9.75          -5.98%        0.981         3.79% 9.792 9.025  7.310  6.891         0.2792             58.34         29,050,000     -27,100,000 109,899,672  277,900,000
2026-03-06  9.53  9.58 8.68  9.22          -5.44%        0.919         3.41% 9.602 9.043  7.348  6.914         0.1487             53.38         85,720,000    -299,562,820  58,728,000   67,499,436
2026-03-13  9.12  9.33 8.30  8.44          -8.46%        1.087         4.21% 9.214 8.986  7.369  6.929        -0.0475             47.04         34,670,000    -272,960,000  80,160,000    4,659,436
2026-03-20  8.49  9.28 8.45  8.65           2.49%        0.868         3.16% 9.026 8.954  7.395  6.946        -0.1481             48.80        196,364,620    -129,308,220  63,660,924 -117,382,208
2026-03-27  8.49  9.18 7.84  9.14           5.66%        1.414         6.50% 9.064 8.972  7.429  6.968        -0.1474             52.75        251,852,780    -103,230,000 119,531,480 -166,432,208
2026-04-03  8.91  9.73 8.82  9.56           4.60%        0.862         3.71% 9.229 9.028  7.472  6.994        -0.0918             55.90        197,187,400     589,080,000 128,723,480  296,023,948
2026-04-10  9.73  9.79 8.96  9.11          -4.71%        0.526         1.82% 9.190 9.035  7.504  7.015        -0.1156             51.91        -10,457,080      90,060,000 133,923,544   34,728,356
2026-04-17  9.05  9.40 8.66  8.81          -3.29%        0.952         3.23% 9.063 9.014  7.530  7.033        -0.1685             49.38        -22,260,000     352,260,000 122,537,544  159,772,356
2026-04-24  8.90  8.93 8.53  8.83           0.23%        0.991         3.36% 8.985 8.996  7.556  7.051        -0.1957             49.56         -6,920,000      65,330,000  81,880,620  198,700,000
2026-05-01  8.85  8.92 8.05  8.26          -6.46%        0.918         2.98% 8.744 8.926  7.570  7.063        -0.2801             44.77         49,750,000    -240,330,000 140,877,480  239,569,948
2026-05-08  8.32  8.43 7.93  8.05          -2.54%        0.854         2.57% 8.512 8.843  7.579  7.073        -0.3494             43.12        106,930,000    -309,754,760  23,408,584   -8,486,952
2026-05-15  7.96  8.14 7.49  7.63          -5.22%        1.137         3.69% 8.218 8.727  7.580  7.078        -0.4317             39.95         22,929,660    -207,810,000  30,085,932  -68,060,952
2026-05-22  7.63  7.72 7.13  7.54          -1.18%        0.996         3.23% 7.992 8.614  7.579  7.083        -0.4746             39.28        100,188,700    -363,890,840  54,575,672 -211,291,120
2026-05-29  7.62  7.62 6.49  7.35          -2.52%        1.475         6.27% 7.778 8.494  7.575  7.085        -0.5022             37.84        136,220,000    -155,810,000  83,203,672 -255,519,120
2026-06-05  7.53  7.73 6.97  7.09          -3.54%        1.120         5.06% 7.549 8.360  7.565  7.085        -0.5267             35.90       -148,690,000     -74,150,000  43,515,672 -222,283,120
2026-06-12  6.91  7.21 6.77  7.09           0.00%        0.942         4.15% 7.396 8.239  7.556  7.085        -0.5135             35.90       -109,230,000     359,020,000     283,672  -88,528,168
2026-06-19  7.18  7.42 6.60  6.74          -4.94%        0.609         2.24% 7.177 8.096  7.540  7.082        -0.5209             33.25         33,290,000    -112,130,000 133,303,480  141,314,000
2026-06-26  6.74  6.93 6.38  6.69          -0.74%        0.984         3.58% 7.015 7.962  7.523  7.078        -0.5013             32.87        229,120,000     185,541,160  28,142,000   40,494,232
2026-07-03  6.75  8.08 6.65  8.00          19.58%        1.297         5.54% 7.343 7.966  7.532  7.087        -0.2912             49.05        177,580,000     640,740,000  36,414,000  199,804,232
2026-07-10  8.01  8.58 7.64  8.11           1.37%        1.150         5.33% 7.599 7.980  7.544  7.097        -0.1250             50.14        193,490,000     280,230,000 104,850,000  270,680,232
2026-07-17  8.11  8.72 7.90  8.10          -0.12%        1.151         5.77% 7.766 7.991  7.555  7.107        -0.0103             50.03        184,338,320     858,065,680 163,563,664  370,489,368
2026-07-24  8.18  8.86 8.12  8.55           5.56%        0.734         3.25% 8.027 8.044  7.574  7.122         0.1250             54.62        123,049,840     416,713,080 118,585,448  192,222,616

--------------------------------------------------------------------------------
生成时间: 2026-07-27 15:17:50


--------------------------------------------------------------------------------
合并生成时间: 2026-08-06 16:45:28
