问题: 对金蝶国际 (00268)进行周度走势复盘分析，复盘区间：2026年02月06日 – 2026年08月28日（共30周）

      date  open  high   low close week_change_pct volume_ratio turnover_rate   ema5  ema20 ema100 ema200 macd_histogram macd_status rsi14 institutional_flow individual_flow    inst_5ma     ind_5ma
2026-02-06 12.91 13.00 10.61 11.09         -14.36%        1.494         9.84% 12.963 14.082 13.004 13.027        -0.5875        死叉延续 34.32         10,180,000     113,680,000  90,584,050 250,438,296
2026-02-13 11.49 11.71 10.86 11.07          -0.18%        0.870         5.39% 12.332 13.795 12.965 13.008        -0.7490        死叉延续 34.25        -27,549,480      90,840,000  74,890,584 230,182,296
2026-02-20 11.07 11.16 10.43 10.53          -4.88%        0.271         1.22% 11.731 13.484 12.917 12.983        -0.8748        死叉延续 32.35         74,030,000      37,704,350  21,188,648 103,727,166
2026-02-27 10.65 10.95  9.70 10.07          -4.37%        1.388         7.81% 11.178 13.159 12.861 12.954        -0.9595        死叉延续 30.78        102,150,000      19,970,000  33,873,712  71,935,774
2026-03-06  9.82 10.01  9.06  9.66          -4.07%        1.035         5.93% 10.672 12.826 12.797 12.921        -1.0053        死叉延续 29.41         92,280,000      34,540,000  50,218,104  59,346,870
2026-03-13  9.20 10.05  9.05  9.09          -5.90%        0.986         5.60% 10.144 12.470 12.724 12.883        -1.0426        死叉延续 27.57         69,374,040      50,840,000  62,056,912  46,778,870
2026-03-20  9.18 10.20  8.91  9.60           5.61%        1.130         6.88%  9.963 12.197 12.662 12.850        -0.9322        死叉延续 31.68         25,709,280     182,440,000  72,708,664  65,098,870
2026-03-27  9.46  9.52  8.51  8.83          -8.02%        0.885         5.09%  9.585 11.876 12.586 12.810        -0.8964        死叉延续 29.00         57,976,380    -102,875,310  69,497,940  36,982,938
2026-04-03  8.53  8.79  8.25  8.41          -4.76%        0.894         4.89%  9.194 11.546 12.504 12.767        -0.8625        死叉延续 27.63        194,110,000    -141,590,000  95,058,284  70,781,280
2026-04-10  8.61  9.10  8.21  8.25          -1.90%        0.844         4.28%  8.879 11.232 12.419 12.722        -0.7964        死叉延续 27.11        103,230,000      40,347,170  90,079,940   5,832,372
2026-04-17  8.22  9.31  7.92  9.16          11.03%        1.201         6.75%  8.973 11.035 12.355 12.686        -0.5752        死叉延续 34.72        159,300,000      97,490,000 108,065,132  15,162,372
2026-04-24  9.16  9.44  8.33  8.49          -7.31%        0.776         3.93%  8.812 10.792 12.278 12.644        -0.4688        死叉延续 32.06         70,125,830     -11,355,000 116,948,442 -23,596,628
2026-05-01  8.50  8.58  8.17  8.55           0.71%        0.825         3.85%  8.725 10.579 12.204 12.604        -0.3456        死叉延续 32.56         48,540,000       5,550,000  96,367,712  72,885,280
2026-05-08  8.73  9.62  8.28  9.34           9.24%        1.088         5.29%  8.930 10.461 12.148 12.571        -0.1244        死叉延续 38.90        146,880,000      33,859,440 105,615,166  33,178,322
2026-05-15  9.20  9.35  8.14  8.23         -11.88%        1.054         5.27%  8.696 10.248 12.070 12.528        -0.0955        死叉延续 34.06         75,470,000    -110,290,000 100,063,166   3,050,888
2026-05-22  8.23  8.34  7.50  7.79          -5.35%        1.146         6.19%  8.394 10.014 11.985 12.481        -0.1031        死叉延续 32.34         87,640,000      41,707,160  85,731,166  -8,105,680
2026-05-29  7.51  7.66  6.94  7.27          -6.68%        1.343         8.76%  8.020  9.753 11.892 12.429        -0.1430        死叉延续 30.38        303,571,000     -11,468,680 132,420,200  -8,128,416
2026-06-05  7.67  9.19  7.50  7.98           9.77%        1.800        19.56%  8.006  9.584 11.815 12.385        -0.0438        死叉延续 36.06        319,020,000    -139,420,000 186,516,200 -37,122,416
2026-06-12  7.62  7.80  6.97  7.00         -12.28%        0.673         6.29%  7.671  9.338 11.719 12.331        -0.0783        死叉延续 32.16        -28,900,000     -53,746,080 151,360,200 -54,643,520
2026-06-19  7.08  7.19  6.36  6.45          -7.86%        0.567         4.35%  7.264  9.063 11.615 12.273        -0.1395        死叉延续 30.19         -1,319,470    -115,870,000  80,338,106 -24,132,720
2026-06-26  6.35  6.57  5.63  5.68         -11.94%        0.811         5.69%  6.736  8.741 11.497 12.207        -0.2422        死叉延续 27.63        -45,340,000     -57,950,000 109,406,306 -75,690,952
2026-07-03  5.90  6.45  5.85  6.35          11.80%        0.682         4.13%  6.607  8.513 11.395 12.149        -0.1811        死叉延续 32.95         -8,260,780     -63,730,000  47,039,950 -86,143,216
2026-07-10  6.35  7.35  6.22  6.98           9.92%        1.094         6.94%  6.732  8.367 11.308 12.097        -0.0253        死叉延续 37.60        187,755,180      98,646,310  20,786,986 -38,529,954
2026-07-17  6.98  7.14  6.37  6.70          -4.01%        1.196         8.41%  6.721  8.208 11.217 12.044         0.0657          金叉 36.39        107,068,350     -19,328,910  47,980,656 -31,646,520
2026-07-24  6.75  7.47  6.75  6.99           4.33%        0.788         5.02%  6.811  8.092 11.133 11.993         0.1839        金叉延续 38.59         60,295,570       4,086,530  60,303,664  -7,655,214
2026-07-31  7.20  8.64  7.05  8.33          19.17%        1.124         7.69%  7.317  8.115 11.078 11.957         0.4465        金叉延续 47.60        -11,913,450     148,015,850  66,988,974  33,537,956
2026-08-07  8.46  9.05  8.14  8.54           2.52%        0.987         6.71%  7.725  8.155 11.027 11.923         0.6406        金叉延续 48.86        109,509,400     111,729,050  90,543,010  68,629,766
2026-08-14  8.54  9.34  7.70  7.85          -8.08%        1.094         7.82%  7.766  8.126 10.964 11.882         0.6653        金叉延续 45.01        117,261,905      48,030,615  76,444,355  58,506,627
2026-08-21  7.80  8.38  7.46  8.25           5.10%        0.950         6.61%  7.928  8.138 10.911 11.846         0.7201        金叉延续 47.59         31,329,330     -56,565,865  61,296,551  51,059,236
2026-08-28  8.18  9.48  7.98  8.95           8.48%        1.181         9.03%  8.268  8.215 10.872 11.817         0.8276        金叉延续 51.85        159,029,255      58,259,705  83,573,957 -29,166,779

--------------------------------------------------------------------------------
生成时间: 2026-08-28 17:48:23
