================================================================================
近日走势复盘分析 - 自动生成提问模板
================================================================================


处理 北控水务 (00371) ...

问题: 对北控水务 (00371)近日走势进行复盘分析，复盘区间：2026年07月23日 – 2026年09月02日
      date close  ema5 ema20 ema100 ema200 volume_ratio5 macd_histogram macd_status turnover_rate institutional_flow individual_flow    inst_5ma    ind_5ma
2026-07-23  2.39 2.408 2.378  2.512  2.500         3.309         0.0490      Golden          0.48          5,874,320     -16,592,080   1,027,928  1,529,236
2026-07-24  2.35 2.388 2.375  2.509  2.499         0.902         0.0363      Golden          0.20          7,745,760     -14,334,700   3,090,752 -2,291,868
2026-07-27  2.35 2.376 2.373  2.506  2.497         0.600         0.0270      Golden          0.13         -2,113,320         827,920   3,002,796 -5,493,220
2026-07-28  2.40 2.384 2.375  2.504  2.496         0.496         0.0266      Golden          0.10           -199,800      10,075,660   2,402,332 -3,082,996
2026-07-29  2.38 2.382 2.376  2.501  2.495         0.996         0.0228      Golden          0.20         -4,942,640       8,364,880   1,272,864 -2,331,664
2026-07-30  2.37 2.378 2.375  2.499  2.494         0.961         0.0182      Golden          0.21         -3,163,980      13,063,580    -534,796  3,599,468
2026-07-31  2.31 2.356 2.369  2.495  2.492         1.473         0.0071      Golden          0.25         -1,031,820       6,884,460  -2,290,312  7,843,300
2026-08-03  2.29 2.334 2.362  2.491  2.490         0.874        -0.0025       Death          0.16         -1,043,750       8,492,630  -2,076,398  9,376,242
2026-08-04  2.29 2.319 2.355  2.487  2.488         0.987        -0.0081       Death          0.18         -3,175,690      11,806,150  -2,671,576  9,722,340
2026-08-05  2.28 2.306 2.348  2.483  2.486         0.839        -0.0122       Death          0.17         -3,069,990      10,081,250  -2,297,046 10,065,614
2026-08-06  2.26 2.291 2.339  2.478  2.484         0.917        -0.0163       Death          0.18         -3,809,890       6,816,790  -2,426,228  8,816,256
2026-08-07  2.24 2.274 2.330  2.474  2.481         0.742        -0.0202       Death          0.14           -477,180       2,778,720  -2,315,300  7,995,108
2026-08-10  2.26 2.269 2.323  2.469  2.479         0.679        -0.0186       Death          0.11          5,466,640       7,484,760  -1,013,222  7,793,534
2026-08-11  2.27 2.269 2.318  2.465  2.477         0.357        -0.0149       Death          0.06         -1,374,080       5,006,900    -652,900  6,433,684
2026-08-12  2.26 2.266 2.313  2.461  2.475         0.508        -0.0126       Death          0.07                          4,271,140     -38,902  5,271,662
2026-08-13  2.24 2.258 2.306  2.457  2.473         1.091        -0.0125       Death          0.12           -816,220       2,217,270     559,832  4,351,758
2026-08-14  2.24 2.252 2.299  2.453  2.470         1.440        -0.0112       Death          0.14         -1,394,530      -2,907,040     376,362  3,214,606
2026-08-17  2.24 2.248 2.294  2.448  2.468         0.717        -0.0092       Death          0.07                          6,408,710    -716,966  2,999,396
2026-08-18  2.24 2.245 2.289  2.444  2.466         0.457        -0.0069       Death          0.04            985,600       1,564,060    -245,030  2,310,828
2026-08-19  2.24 2.243 2.284  2.440  2.463         1.361        -0.0045       Death          0.12          1,241,120      -6,487,770       3,194    159,046
2026-08-20  2.24 2.242 2.280  2.436  2.461         1.908        -0.0021       Death          0.19          2,387,470      -1,387,890     643,932   -561,986
2026-08-21  2.19 2.225 2.271  2.431  2.458         3.092        -0.0062       Death          0.35         -3,884,430      -9,680,810     145,952 -1,916,740
2026-08-24  2.04 2.163 2.249  2.424  2.454         4.388        -0.0270       Death          0.67          6,885,760      -8,064,260   1,523,104 -4,811,334
2026-08-25  2.05 2.125 2.230  2.416  2.450         1.758        -0.0366       Death          0.48            239,470     -11,985,520   1,373,878 -7,521,250
2026-08-26  1.69 1.980 2.179  2.402  2.443         9.461        -0.0859       Death          3.42       -107,682,860      -5,419,940 -20,410,918 -7,307,684
2026-08-27  1.74 1.900 2.137  2.389  2.436         1.018        -0.1049       Death          1.04         10,456,200      31,911,630 -18,797,172   -647,780
2026-08-28  1.72 1.840 2.097  2.376  2.429         0.308        -0.1126       Death          0.37          1,237,640      10,474,690 -17,772,758  3,383,320
2026-08-31  1.67 1.783 2.057  2.362  2.421         0.430        -0.1165       Death          0.52          2,907,700       2,533,060 -18,568,370  5,502,784
2026-09-01  1.71 1.759 2.024  2.349  2.414         0.361        -0.1059       Death          0.42         -4,682,390      19,219,680 -19,552,742 11,743,824
2026-09-02  1.69 1.736 1.992  2.336  2.407         0.147        -0.0943       Death          0.17         -2,107,470       7,589,510   1,562,336 14,345,714

--------------------------------------------------------------------------------

处理 中国铁塔 (00788) ...

问题: 对中国铁塔 (00788)近日走势进行复盘分析，复盘区间：2026年07月23日 – 2026年09月02日
      date close  ema5 ema20 ema100 ema200 volume_ratio5 macd_histogram macd_status turnover_rate institutional_flow individual_flow   inst_5ma     ind_5ma
2026-07-23  9.83 9.631 9.404 10.030 10.365         1.017         0.2327      Golden          0.26         11,331,570      23,494,535  8,721,961   2,912,994
2026-07-24  9.60 9.620 9.423 10.021 10.357         0.612         0.2032      Golden          0.16          3,191,280      -7,745,610  7,994,928   3,208,731
2026-07-27  9.64 9.627 9.444 10.014 10.350         1.023         0.1804      Golden          0.23         -7,985,615      -1,033,885  3,558,580   3,975,321
2026-07-28  9.78 9.678 9.476 10.009 10.344         0.926         0.1754      Golden          0.20          1,467,405      20,244,525  3,065,516   7,594,277
2026-07-29  9.90 9.752 9.516 10.007 10.340         1.026         0.1789      Golden          0.22           -108,330      11,114,315  1,579,262   9,214,776
2026-07-30 10.05 9.851 9.567 10.008 10.337         1.060         0.1910      Golden          0.23          6,823,260       1,204,705    677,600   4,756,810
2026-07-31 10.03 9.911 9.611 10.008 10.334         4.411         0.1856      Golden          0.91        -20,746,670     -12,909,455 -4,109,990   3,724,041
2026-08-03 10.00 9.941 9.648 10.008 10.331         0.829         0.1679      Golden          0.30         14,400,548      -7,865,058    367,242   2,357,806
2026-08-04  9.88 9.920 9.670 10.006 10.326         0.843         0.1315      Golden          0.31         -6,344,218       1,046,985 -1,195,082  -1,481,702
2026-08-05  9.96 9.934 9.698 10.005 10.322         0.779         0.1106      Golden          0.31          2,752,978      -2,723,488   -622,820  -4,249,262
2026-08-06  9.80 9.889 9.707 10.001 10.317         0.652         0.0695      Golden          0.27         11,424,010      -3,231,182    297,330  -5,136,440
2026-08-07  9.74 9.839 9.711  9.995 10.312         0.604         0.0306      Golden          0.25            789,710       8,224,690  4,604,606    -909,610
2026-08-10  9.74 9.806 9.713  9.990 10.306         0.573         0.0027      Golden          0.16         -3,174,905       7,096,992  1,089,515   2,082,800
2026-08-11  9.72 9.778 9.714  9.985 10.300         1.092        -0.0195       Death          0.29         11,475,598       6,595,745  4,653,478   3,192,552
2026-08-12  9.32 9.625 9.676  9.972 10.290         4.114        -0.0853       Death          1.05        -20,532,580      51,807,645     -3,634  14,098,778
2026-08-13  9.32 9.523 9.643  9.959 10.281         1.170        -0.1238       Death          0.47         16,662,492      -2,545,198  1,044,063  14,235,975
2026-08-14  9.30 9.449 9.610  9.946 10.271         0.746        -0.1454       Death          0.33         40,240,448     -21,206,468  8,934,210   8,349,744
2026-08-17  9.44 9.446 9.594  9.936 10.263         1.053        -0.1345       Death          0.49         -2,310,182     -22,709,720  9,107,155   2,388,401
2026-08-18  9.32 9.404 9.568  9.924 10.253         0.702        -0.1368       Death          0.37         36,086,995     -19,788,935 14,029,434  -2,888,535
2026-08-19  9.21 9.339 9.534  9.910 10.243         1.559        -0.1455       Death          0.85        -21,053,360     -47,986,048 13,925,278 -22,847,274
2026-08-20  9.20 9.293 9.502  9.895 10.232         0.335        -0.1448       Death          0.17          3,712,205      -7,985,478 11,335,221 -23,935,330
2026-08-21  9.35 9.312 9.487  9.885 10.224         0.494        -0.1174       Death          0.22         36,320,342       1,032,520 10,551,200 -19,487,532
2026-08-24  9.35 9.325 9.474  9.874 10.215         0.663        -0.0937       Death          0.28         47,378,525      -9,498,065 20,488,942 -16,845,201
2026-08-25  9.26 9.303 9.454  9.862 10.205         0.760        -0.0847       Death          0.29         21,531,548      -8,638,545 17,577,852 -14,615,123
2026-08-26  9.25 9.285 9.434  9.850 10.196         0.983        -0.0750       Death          0.35        -13,402,435     -22,940,770 19,108,037  -9,606,068
2026-08-27  9.18 9.250 9.410  9.837 10.186         0.735        -0.0729       Death          0.19         -7,351,415      -3,694,475 16,895,313  -8,747,867
2026-08-28  9.14 9.214 9.384  9.823 10.175         0.680        -0.0717       Death          0.18           -283,472      -5,055,160  9,574,550  -9,965,403
2026-08-31  9.12 9.182 9.359  9.809 10.165         1.819        -0.0684       Death          0.47         24,916,305     -18,855,040  5,082,106 -11,836,798
2026-09-01  9.18 9.182 9.342  9.796 10.155         1.450        -0.0535       Death          0.43          7,683,315      -2,499,260  2,312,460 -10,608,941
2026-09-02  9.15 9.171 9.324  9.784 10.145         1.150        -0.0436       Death          0.37         16,936,328      11,767,572  8,380,212  -3,667,272

--------------------------------------------------------------------------------

处理 港股万科企业 (02202) ...

问题: 对港股万科企业 (02202)近日走势进行复盘分析，复盘区间：2026年07月23日 – 2026年09月02日
      date close  ema5 ema20 ema100 ema200 volume_ratio5 macd_histogram macd_status turnover_rate institutional_flow individual_flow   inst_5ma    ind_5ma
2026-07-23  2.48 2.435 2.402  2.848  3.396         0.783         0.0680      Golden          0.92          4,349,220       4,669,503 -1,516,850  1,977,635
2026-07-24  2.41 2.427 2.403  2.839  3.386         0.443         0.0577      Golden          0.44         -4,746,455      -5,018,330 -1,286,650   -962,247
2026-07-27  2.39 2.415 2.402  2.830  3.376         0.585         0.0465      Golden          0.42           -812,703        -476,924 -1,070,338   -857,127
2026-07-28  2.40 2.410 2.402  2.822  3.366         0.736         0.0391      Golden          0.51         -3,180,905          91,664 -1,426,388   -357,928
2026-07-29  2.48 2.433 2.409  2.815  3.358         1.711         0.0432      Golden          1.12          2,010,715       5,923,197   -476,026  1,037,822
2026-07-30  2.47 2.445 2.415  2.808  3.349         0.873         0.0428      Golden          0.60         -2,432,819      -1,782,616 -1,832,433   -252,602
2026-07-31  2.48 2.457 2.421  2.802  3.340         1.135         0.0421      Golden          0.70         -1,067,086       3,019,068 -1,096,560  1,354,878
2026-08-03  2.52 2.478 2.431  2.796  3.332         0.768         0.0448      Golden          0.51          1,842,932      -1,669,000   -565,432  1,116,463
2026-08-04  2.46 2.472 2.433  2.790  3.323         1.196         0.0368      Golden          0.82         -7,400,989      -7,317,768 -1,409,449   -365,424
2026-08-05  2.51 2.485 2.441  2.784  3.315         0.908         0.0364      Golden          0.68          5,286,846       4,105,572   -754,223   -728,949
2026-08-06  2.49 2.486 2.445  2.778  3.307         1.310         0.0318      Golden          0.87          1,119,083        -606,074    -43,843   -493,640
2026-08-07  2.50 2.491 2.451  2.773  3.299         0.897         0.0285      Golden          0.64         -1,459,721         159,195   -122,370 -1,065,615
2026-08-10  2.52 2.501 2.457  2.768  3.291         1.299         0.0275      Golden          0.92         -4,362,598      -2,653,148 -1,363,476 -1,262,445
2026-08-11  2.44 2.480 2.456  2.761  3.283         0.908         0.0151      Golden          0.71         -4,493,790      -5,439,516   -782,036   -886,794
2026-08-12  2.53 2.497 2.463  2.757  3.275         1.735         0.0178      Golden          1.33          2,117,942       3,992,096 -1,415,817   -909,490
2026-08-13  2.46 2.485 2.462  2.751  3.267         1.251         0.0095      Golden          1.12         -8,264,543      -1,847,618 -3,292,542 -1,157,798
2026-08-14  2.42 2.463 2.458  2.744  3.259         0.711        -0.0015       Death          0.67            174,132         671,550 -2,965,772 -1,055,328
2026-08-17  2.40 2.442 2.453  2.737  3.250         0.383        -0.0111       Death          0.36          1,241,185        -774,118 -1,845,015   -679,522
2026-08-18  2.38 2.421 2.446  2.730  3.242         0.579        -0.0193       Death          0.48         -1,873,826      -2,379,590 -1,321,022    -67,536
2026-08-19  2.37 2.404 2.439  2.723  3.233         0.894        -0.0248       Death          0.71            413,119         597,042 -1,661,987   -746,547
2026-08-20  2.44 2.416 2.439  2.718  3.225         1.822        -0.0181       Death          1.22          5,751,138       8,733,001  1,141,150  1,369,577
2026-08-21  2.44 2.424 2.439  2.712  3.217         0.607        -0.0130       Death          0.42          1,346,432         400,202  1,375,610  1,315,308
2026-08-24  2.36 2.403 2.431  2.705  3.209         0.840        -0.0193       Death          0.54         -3,167,954      -1,674,698    493,782  1,135,192
2026-08-25  2.42 2.408 2.430  2.699  3.201         1.454        -0.0146       Death          0.98          3,065,631       4,269,070  1,481,673  2,464,924
2026-08-26  2.44 2.419 2.431  2.694  3.193         0.893        -0.0083       Death          0.69          2,431,275       7,491,449  1,885,304  3,843,805
2026-08-27  2.43 2.423 2.431  2.689  3.186         0.598        -0.0050       Death          0.46         -1,029,953        -502,482    529,086  1,996,708
2026-08-28  2.49 2.445 2.437  2.685  3.179         2.000         0.0050      Golden          1.23          2,983,662         988,174    856,532  2,114,302
2026-08-31  2.40 2.430 2.433  2.679  3.171         3.948        -0.0004       Death          3.08        -10,517,328       6,601,673   -613,342  3,769,577
2026-09-01  2.37 2.410 2.427  2.673  3.163         0.889        -0.0074       Death          1.15          5,798,724      -3,951,672    -66,724  2,125,428
2026-09-02  2.33 2.383 2.418  2.667  3.155         0.597        -0.0165       Death          0.79         -1,495,648       1,897,517   -852,108  1,006,642

--------------------------------------------------------------------------------

处理 锦鑫生殖 (01951) ...

问题: 对锦鑫生殖 (01951)近日走势进行复盘分析，复盘区间：2026年07月23日 – 2026年09月02日
      date close  ema5 ema20 ema100 ema200 volume_ratio5 macd_histogram macd_status turnover_rate institutional_flow individual_flow   inst_5ma    ind_5ma
2026-07-23  2.23 2.209 2.147  2.242  2.372         0.442         0.0429      Golden          0.32         -2,075,770      -1,699,865 -2,605,926 -2,040,629
2026-07-24  2.21 2.209 2.153  2.241  2.371         0.570         0.0365      Golden          0.25         -1,219,245      -1,616,540 -2,362,904 -1,412,169
2026-07-27  2.21 2.210 2.159  2.241  2.369         0.382         0.0304      Golden          0.14             68,875         265,615 -1,876,287 -1,071,352
2026-07-28  2.23 2.216 2.165  2.241  2.368         0.439         0.0273      Golden          0.14              9,305        -202,975   -622,436   -595,484
2026-07-29  2.25 2.228 2.174  2.241  2.367         0.688         0.0262      Golden          0.18          1,086,125      -1,233,605   -426,142   -897,474
2026-07-30  2.21 2.222 2.177  2.240  2.365         1.493         0.0187      Golden          0.31           -689,345      -4,449,205   -148,857 -1,447,342
2026-07-31  2.17 2.204 2.176  2.239  2.363         2.216         0.0075      Golden          0.45         -5,789,690      -4,988,315 -1,062,946 -2,121,697
2026-08-03  2.22 2.210 2.180  2.238  2.362         0.917         0.0061      Golden          0.22            695,045       1,434,562   -937,712 -1,887,908
2026-08-04  2.17 2.196 2.179  2.237  2.360         0.888        -0.0019       Death          0.23           -652,228      -1,638,642 -1,070,018 -2,175,041
2026-08-05  2.18 2.191 2.180  2.236  2.358         0.639        -0.0060       Death          0.18                           -389,852 -1,287,244 -2,006,290
2026-08-06  2.17 2.184 2.179  2.235  2.356         1.199        -0.0099       Death          0.33          2,047,042        -384,105   -739,966 -1,193,270
2026-08-07  2.21 2.193 2.182  2.234  2.355         1.102        -0.0071       Death          0.31          2,530,948         972,320    924,162     -1,144
2026-08-10  2.16 2.182 2.180  2.233  2.353         2.214        -0.0117       Death          0.56         -1,675,618      -2,760,448    450,029   -840,146
2026-08-11  2.14 2.168 2.176  2.231  2.351         1.391        -0.0169       Death          0.45           -750,075       2,631,228    430,460     13,828
2026-08-12  2.12 2.152 2.170  2.229  2.348         1.273        -0.0221       Death          0.47         -3,135,740      -3,930,298   -196,688   -694,260
2026-08-13  2.11 2.138 2.165  2.226  2.346         1.286        -0.0257       Death          0.55          3,102,880      -1,436,882     14,479   -904,816
2026-08-14  2.08 2.119 2.157  2.223  2.343         1.519        -0.0307       Death          0.71         -4,634,938      -6,477,205 -1,418,698 -2,394,721
2026-08-17  2.12 2.119 2.153  2.221  2.341         0.803        -0.0272       Death          0.44          3,410,435         790,912   -401,488 -1,684,449
2026-08-18  2.08 2.106 2.146  2.219  2.338         0.774        -0.0287       Death          0.40           -660,438      -2,207,502   -383,560 -2,652,195
2026-08-19  2.09 2.101 2.141  2.216  2.336         0.708        -0.0269       Death          0.36          1,003,940      -1,178,385    444,376 -2,101,812
2026-08-20  2.14 2.114 2.141  2.215  2.334         1.210        -0.0179       Death          0.60          7,584,058       1,306,365  1,340,612 -1,553,163
2026-08-21  2.23 2.153 2.149  2.215  2.333         1.288         0.0003      Golden          0.65          6,479,302       5,595,662  3,563,460    861,410
2026-08-24  2.24 2.182 2.158  2.215  2.332         1.603         0.0130      Golden          0.79          4,552,445       2,187,545  3,791,862  1,140,737
2026-08-25  2.26 2.208 2.168  2.216  2.331         1.439         0.0230      Golden          0.80          2,594,625       1,468,670  4,442,874  1,875,972
2026-08-26  2.35 2.255 2.185  2.219  2.332         2.907         0.0395      Golden          1.86         17,017,395       2,539,825  7,645,565  2,619,614
2026-08-27  2.28 2.263 2.194  2.220  2.331         0.885         0.0388      Golden          0.83         -1,129,618      -1,780,568  5,902,830  2,002,227
2026-08-28  2.27 2.266 2.201  2.221  2.330         0.593         0.0349      Golden          0.58         -1,436,570      -1,320,420  4,319,656    619,010
2026-08-31  2.22 2.250 2.203  2.221  2.329         0.709         0.0240      Golden          0.69          1,281,172       4,184,612  3,665,401  1,018,424
2026-09-01  2.23 2.244 2.206  2.221  2.328         0.526         0.0169      Golden          0.50          3,796,708       2,480,018  3,905,818  1,220,694
2026-09-02  2.17 2.219 2.202  2.220  2.327         0.596         0.0036      Golden          0.53          2,459,762       3,378,470    994,291  1,388,422

--------------------------------------------------------------------------------

处理 金蝶国际 (00268) ...

问题: 对金蝶国际 (00268)近日走势进行复盘分析，复盘区间：2026年07月23日 – 2026年09月02日
      date close  ema5 ema20 ema100 ema200 volume_ratio5 macd_histogram macd_status turnover_rate institutional_flow individual_flow   inst_5ma     ind_5ma
2026-07-23  7.18 7.168 6.911  8.409 10.041         0.618         0.2569      Golden          0.77          4,147,600      -6,648,780   -924,150   3,694,660
2026-07-24  6.99 7.108 6.918  8.381 10.011         0.557         0.2016      Golden          0.62         10,431,610     -10,809,890 12,059,114     817,306
2026-07-27  7.18 7.132 6.943  8.357  9.983         0.774         0.1817      Golden          0.78         -2,505,800     -10,342,970 10,358,168   2,608,842
2026-07-28  7.39 7.218 6.986  8.338  9.957         1.584         0.1871      Golden          1.37        -19,526,700     -11,098,700  3,885,382  -1,991,264
2026-07-29  7.94 7.459 7.077  8.330  9.937         1.647         0.2512      Golden          1.57        -36,901,050      52,587,320 -8,870,868   2,737,396
2026-07-30  8.07 7.663 7.171  8.325  9.918         1.327         0.2944      Golden          1.36           -372,590      -8,832,440 -9,774,906   2,300,664
2026-07-31  8.33 7.885 7.282  8.325  9.902         2.287         0.3383      Golden          2.61         47,392,690     125,702,640 -2,382,690  29,603,170
2026-08-03  8.65 8.140 7.412  8.332  9.890         1.225         0.3871      Golden          1.88         11,218,645      75,120,420    362,199  46,695,848
2026-08-04  8.56 8.280 7.521  8.336  9.877         0.892         0.3833      Golden          1.57         43,252,715       6,436,715 12,918,082  50,202,931
2026-08-05  8.78 8.447 7.641  8.345  9.866         0.730         0.3853      Golden          1.31         32,680,515      20,760,395 26,834,395  43,837,546
2026-08-06  8.49 8.461 7.722  8.348  9.852         0.486         0.3250      Golden          0.85          9,659,350       3,123,475 28,840,783  46,228,729
2026-08-07  8.54 8.487 7.800  8.352  9.839         0.669         0.2714      Golden          1.10         12,698,175       6,288,045 21,901,880  22,345,810
2026-08-10  8.76 8.578 7.891  8.360  9.828         0.713         0.2458      Golden          0.96        -14,465,690      19,645,365 16,765,013  11,250,799
2026-08-11  8.99 8.716 7.996  8.372  9.820         1.016         0.2400      Golden          1.18         43,733,095      35,146,430 16,861,089  16,992,742
2026-08-12  8.21 8.547 8.016  8.369  9.804         1.900         0.1173      Golden          2.05         15,934,195      -4,211,840 13,511,825  11,998,295
2026-08-13  7.86 8.318 8.001  8.359  9.785         1.849        -0.0176       Death          2.27         78,625,265       5,764,475 27,305,008  12,526,495
2026-08-14  7.85 8.162 7.987  8.349  9.765         0.901        -0.1096       Death          1.36         -6,564,960      -8,313,815 23,452,381   9,606,123
2026-08-17  7.97 8.098 7.985  8.341  9.748         0.636        -0.1530       Death          0.99         -5,141,780      -6,640,720 25,317,163   4,348,906
2026-08-18  7.76 7.985 7.964  8.330  9.728         0.876        -0.2055       Death          1.37          1,358,765      34,661,990 16,842,297   4,252,018
2026-08-19  7.72 7.897 7.941  8.318  9.708         0.659        -0.2388       Death          1.06          2,498,465     -18,459,480 14,155,151   1,402,490
2026-08-20  8.31 8.035 7.976  8.318  9.694         1.649        -0.1773       Death          2.33         18,241,720     -32,700,185  2,078,442  -6,290,442
2026-08-21  8.25 8.106 8.002  8.316  9.680         0.608        -0.1423       Death          0.86         14,372,160     -33,427,470  6,265,866 -11,313,173
2026-08-24  8.15 8.121 8.016  8.313  9.664         0.645        -0.1303       Death          0.85         -4,088,525       1,152,750  6,476,517  -9,754,479
2026-08-25  8.49 8.244 8.061  8.317  9.653         2.191        -0.0771       Death          2.84         -3,412,395      -9,878,140  5,522,285 -18,662,505
2026-08-26  8.24 8.243 8.078  8.315  9.639         0.933        -0.0759       Death          1.48          1,511,560       2,008,285  5,324,904 -14,568,952
2026-08-27  8.43 8.305 8.112  8.317  9.627         0.737        -0.0510       Death          1.23         25,349,485      21,070,275  6,746,457  -3,814,860
2026-08-28  8.95 8.520 8.192  8.330  9.620         1.809         0.0296      Golden          2.63        139,669,130      43,906,535 31,805,851  11,651,941
2026-08-31  8.66 8.567 8.236  8.336  9.610         5.469         0.0375      Golden          9.89        145,657,485      40,725,270 61,755,053  19,566,445
2026-09-01  8.84 8.658 8.294  8.346  9.603         0.631         0.0593      Golden          2.28          4,763,740      65,895,910 63,390,280  34,721,255
2026-09-02  8.13 8.482 8.278  8.342  9.588         0.444        -0.0250       Death          1.56        -35,059,920     -30,040,870 56,075,984  28,311,424

--------------------------------------------------------------------------------

处理 中软国际 (00354) ...

问题: 对中软国际 (00354)近日走势进行复盘分析，复盘区间：2026年07月23日 – 2026年09月02日
      date close  ema5 ema20 ema100 ema200 volume_ratio5 macd_histogram macd_status turnover_rate institutional_flow individual_flow    inst_5ma     ind_5ma
2026-07-23  3.44 3.444 3.281  3.652  4.129         0.353         0.1572      Golden          1.98         -7,257,840     -16,434,800  -6,607,384   7,402,868
2026-07-24  3.26 3.383 3.279  3.645  4.121         0.287         0.1164      Golden          1.69         -2,917,060     -22,828,180  -3,512,664   4,173,608
2026-07-27  3.35 3.372 3.286  3.639  4.113         0.239         0.0970      Golden          1.44         10,970,680      -6,890,380    -276,060  -5,898,532
2026-07-28  3.51 3.418 3.307  3.636  4.107         1.197         0.1007      Golden          4.52         32,376,180       7,778,360   8,588,548  -5,233,204
2026-07-29  3.54 3.459 3.329  3.634  4.102         0.630         0.1018      Golden          1.86         -4,473,600       2,280,140   5,739,672  -7,218,972
2026-07-30  3.69 3.536 3.364  3.636  4.097         1.136         0.1165      Golden          2.61         36,118,040      -6,273,680  14,414,848  -5,186,748
2026-07-31  3.93 3.667 3.418  3.641  4.096         1.695         0.1499      Golden          4.11         30,683,400      55,470,000  21,134,940  10,472,888
2026-08-03  3.78 3.705 3.452  3.644  4.093         0.821         0.1434      Golden          2.39        -14,095,180     -47,400,130  16,121,768   2,370,938
2026-08-04  3.79 3.733 3.484  3.647  4.090         0.347         0.1322      Golden          1.08         -4,061,150      -9,480,020   8,834,302  -1,080,738
2026-08-05  3.76 3.742 3.511  3.649  4.086         1.178         0.1132      Golden          2.84        -11,792,780     -20,758,970   7,370,466  -5,688,560
2026-08-06  3.70 3.728 3.529  3.650  4.082         0.407         0.0863      Golden          1.06         -5,282,580      -7,230,900    -909,658  -5,880,004
2026-08-07  3.62 3.692 3.537  3.650  4.078         0.703         0.0531      Golden          1.61         -3,306,410     -25,139,310  -7,707,620 -22,001,866
2026-08-10  3.56 3.648 3.539  3.648  4.073         0.947         0.0201      Golden          1.70         -8,897,710     -26,362,410  -6,668,126 -17,794,322
2026-08-11  3.46 3.585 3.532  3.644  4.067         0.748        -0.0162       Death          1.24        -28,010,880     -17,358,040 -11,458,072 -19,369,926
2026-08-12  3.52 3.564 3.531  3.642  4.061         0.424        -0.0321       Death          0.72         -3,744,350      -1,069,700  -9,848,386 -15,432,072
2026-08-13  3.48 3.536 3.526  3.638  4.055         0.428        -0.0473       Death          0.54         -5,639,810      -7,461,490  -9,919,832 -15,478,190
2026-08-14  3.48 3.517 3.522  3.635  4.050         0.485        -0.0558       Death          0.56           -586,580      -1,931,800  -9,375,866 -10,836,688
2026-08-17  3.50 3.511 3.520  3.633  4.044         0.632        -0.0572       Death          0.60           -858,840        -925,800  -7,768,092  -5,749,366
2026-08-18  3.50 3.508 3.518  3.630  4.039         4.395        -0.0563       Death          3.22          7,104,990      12,575,960    -744,918     237,434
2026-08-19  3.34 3.452 3.501  3.624  4.032         1.106        -0.0744       Death          1.25         -7,437,500      -5,918,570  -1,483,548    -732,340
2026-08-20  3.44 3.448 3.495  3.621  4.026         0.672        -0.0701       Death          0.83            961,180         289,060    -163,350     817,770
2026-08-21  3.73 3.542 3.517  3.623  4.023         2.154        -0.0276       Death          2.79         39,921,970      22,446,330   7,938,360   5,693,396
2026-08-24  3.80 3.628 3.544  3.626  4.021         0.911         0.0086      Golden          1.58         13,305,030       8,440,140  10,771,134   7,566,584
2026-08-25  3.90 3.719 3.578  3.632  4.020         0.593         0.0429      Golden          1.15          2,703,520         348,420   9,890,840   5,121,076
2026-08-26  3.76 3.732 3.595  3.634  4.017         0.866         0.0433      Golden          1.32         -6,311,930     -20,053,000  10,115,954   2,294,190
2026-08-27  3.76 3.742 3.611  3.637  4.014         0.485         0.0403      Golden          0.74         -5,692,060      -6,206,260   8,785,306     995,126
2026-08-28  3.90 3.794 3.639  3.642  4.013         1.015         0.0531      Golden          1.54          2,160,290       2,435,930   1,232,970  -3,006,954
2026-08-31  3.82 3.803 3.656  3.646  4.011         1.259         0.0469      Golden          1.59          9,556,700     -21,493,080     483,304  -8,993,598
2026-09-01  3.96 3.855 3.685  3.652  4.011         1.380         0.0570      Golden          1.75         29,840,730      -4,724,640   5,910,746 -10,008,210
2026-09-02  3.88 3.864 3.703  3.656  4.010         1.160         0.0488      Golden          1.61         -2,591,510     -25,056,270   6,654,830 -11,008,864

--------------------------------------------------------------------------------

处理 南方恒生科技 (03033) ...

问题: 对南方恒生科技 (03033)近日走势进行复盘分析，复盘区间：2026年07月23日 – 2026年09月02日
      date close  ema5 ema20 ema100 ema200 volume_ratio5 macd_histogram macd_status turnover_rate institutional_flow individual_flow    inst_5ma     ind_5ma
2026-07-23  4.61 4.624 4.587  4.790  4.971         0.815         0.0376      Golden         23.01        924,353,652      90,537,292 650,983,217 295,770,104
2026-07-24  4.54 4.596 4.583  4.785  4.966         0.704         0.0204      Golden         19.66        892,794,452     270,083,288 702,888,419 228,057,682
2026-07-27  4.62 4.604 4.586  4.781  4.963         0.737         0.0187      Golden         19.09        416,174,061    -257,810,066 628,338,525 216,251,429
2026-07-28  4.64 4.616 4.591  4.779  4.960         1.027         0.0193      Golden         23.50        670,015,455     971,451,918 739,446,986 288,872,766
2026-07-29  4.77 4.667 4.608  4.778  4.958         1.100         0.0352      Golden         24.26        463,252,714    -272,771,883 673,318,067 160,298,110
2026-07-30  4.72 4.685 4.619  4.777  4.955         1.292         0.0368      Golden         28.44        417,975,179      40,530,044 572,042,372 150,296,660
2026-07-31  4.73 4.700 4.630  4.776  4.953         0.809         0.0369      Golden         18.58        759,396,707      52,184,029 545,362,823 106,716,809
2026-08-03  4.78 4.727 4.644  4.776  4.952         0.846         0.0412      Golden         19.58        353,359,607     350,794,308 532,799,932 228,437,683
2026-08-04  4.79 4.748 4.658  4.777  4.950         0.870         0.0426      Golden         20.38        508,924,407     -54,136,813 500,581,723  23,319,937
2026-08-05  4.84 4.778 4.675  4.778  4.949         1.017         0.0471      Golden         23.28        526,817,998    -276,779,503 513,294,780  22,518,413
2026-08-06  4.73 4.762 4.680  4.777  4.947         0.603         0.0328      Golden         13.48        357,880,435      38,881,986 501,275,831  22,188,801
2026-08-07  4.77 4.765 4.689  4.777  4.945         1.002         0.0266      Golden         19.25        960,059,129     409,418,783 541,408,315  93,635,752
2026-08-10  4.82 4.783 4.701  4.778  4.944         1.203         0.0270      Golden         23.34        428,058,524     444,431,295 556,348,099 112,363,150
2026-08-11  4.74 4.769 4.705  4.777  4.942         0.698         0.0148      Golden         14.01         96,659,830     312,495,492 473,895,183 185,689,610
2026-08-12  4.68 4.739 4.703  4.775  4.939         0.880        -0.0021       Death         16.48        750,568,915     262,907,192 518,645,367 293,626,950
2026-08-13  4.70 4.726 4.702  4.774  4.937         0.905        -0.0108       Death         15.85         20,284,660     155,923,018 451,126,212 317,035,156
2026-08-14  4.62 4.691 4.695  4.771  4.933         1.135        -0.0267       Death         20.53        424,031,486     292,881,461 343,920,683 293,727,692
2026-08-17  4.70 4.694 4.695  4.769  4.931         0.918        -0.0258       Death         16.71        379,520,685     408,435,286 334,213,115 286,528,490
2026-08-18  4.65 4.679 4.691  4.767  4.928         0.920        -0.0310       Death         15.54        493,249,766     409,577,956 413,531,103 305,944,983
2026-08-19  4.60 4.653 4.682  4.763  4.925         0.891        -0.0395       Death         15.33        537,076,860     102,552,722 370,832,692 273,874,088
2026-08-20  4.61 4.639 4.675  4.760  4.922         1.136        -0.0421       Death         19.25        111,215,249    -223,780,591 389,018,809 197,933,367
2026-08-21  4.67 4.649 4.675  4.759  4.919         0.975        -0.0342       Death         17.07       -395,118,831     -40,572,126 225,188,746 131,242,649
2026-08-24  4.50 4.599 4.658  4.754  4.915         0.982        -0.0495       Death         16.60         80,951,002     223,824,817 165,474,809  94,320,555
2026-08-25  4.50 4.566 4.643  4.748  4.911         1.258        -0.0568       Death         21.18      1,013,017,728    -115,160,888 269,428,402 -10,627,213
2026-08-26  4.53 4.554 4.632  4.744  4.907         0.857        -0.0546       Death         15.05        400,105,081     146,987,296 242,034,046  -1,740,299
2026-08-27  4.54 4.549 4.624  4.740  4.904         0.502        -0.0491       Death          8.78        266,320,959     167,868,042 273,055,188  76,589,428
2026-08-28  4.52 4.540 4.614  4.736  4.900         0.629        -0.0454       Death          9.85        255,113,714     231,822,755 403,101,697 131,068,404
2026-08-31  4.53 4.536 4.606  4.732  4.896         0.882        -0.0392       Death         12.64        342,833,799         380,387 455,478,256  86,379,518
2026-09-01  4.47 4.514 4.593  4.727  4.892         0.665        -0.0406       Death          9.04        335,505,108     239,621,040 319,975,732 157,335,904
2026-09-02  4.43 4.486 4.577  4.721  4.887         1.177        -0.0441       Death         13.34        375,446,428     420,608,311 315,044,002 212,060,107

--------------------------------------------------------------------------------

处理 腾讯控股 (00700) ...

问题: 对腾讯控股 (00700)近日走势进行复盘分析，复盘区间：2026年07月23日 – 2026年09月02日
      date  close    ema5   ema20  ema100  ema200 volume_ratio5 macd_histogram macd_status turnover_rate institutional_flow individual_flow     inst_5ma      ind_5ma
2026-07-23 445.20 456.060 456.188 479.380 503.967         0.579        -1.5441       Death          0.25        263,924,480    -401,947,780 -612,763,492 -490,298,076
2026-07-24 434.60 448.907 454.132 478.493 503.277         0.646        -4.6794       Death          0.25        296,923,940    -158,218,180 -379,225,808 -370,761,248
2026-07-27 443.00 446.938 453.072 477.790 502.677         0.440        -5.3909       Death          0.16        103,204,540     358,301,160 -445,367,236 -284,474,028
2026-07-28 447.20 447.025 452.513 477.184 502.125         0.613        -5.0698       Death          0.20        395,204,240     144,588,540 -332,867,788 -128,901,792
2026-07-29 466.40 453.484 453.835 476.971 501.770         1.250        -2.1922       Death          0.40      1,701,327,680     963,451,760  552,116,976  181,235,100
2026-07-30 471.80 459.589 455.546 476.868 501.472         1.386         0.3806      Golden          0.35        829,773,240     519,087,500  665,286,728  365,442,156
2026-07-31 475.20 464.793 457.418 476.835 501.210         1.259         2.3713      Golden          0.34        469,399,880   1,294,444,020  699,781,916  655,974,596
2026-08-03 490.40 473.328 460.559 477.104 501.103         1.467         5.3935      Golden          0.43      1,342,379,580   1,717,251,080  947,616,924  927,764,580
2026-08-04 487.60 478.086 463.135 477.312 500.968         0.797         6.5940      Golden          0.27       -235,779,340     -18,149,300  821,420,208  895,217,012
2026-08-05 492.20 482.790 465.903 477.607 500.881         0.789         7.5194      Golden          0.28        426,151,920    -778,789,600  566,385,056  546,768,740
2026-08-06 479.20 481.594 467.169 477.638 500.665         0.717         5.9602      Golden          0.24        271,158,260  -1,636,182,780  454,662,060  115,714,684
2026-08-07 478.80 480.662 468.277 477.661 500.448         0.574         4.5201      Golden          0.18         21,180,340    -593,090,520  365,018,152 -261,792,224
2026-08-10 481.40 480.908 469.527 477.735 500.258         0.609         3.6027      Golden          0.17        481,248,200      39,490,500  192,791,876 -597,344,340
2026-08-11 470.80 477.539 469.648 477.598 499.965         0.939         1.3681      Golden          0.22        673,789,000    -495,567,240  374,705,544 -692,827,928
2026-08-12 461.60 472.226 468.881 477.281 499.583         1.396        -1.3995       Death          0.30        310,838,720     143,531,020  351,642,904 -508,363,804
2026-08-13 441.00 461.817 466.226 476.563 499.001         3.295        -5.8078       Death          0.73     -3,459,109,660   1,050,747,020 -394,410,680   29,022,156
2026-08-14 440.00 454.545 463.728 475.839 498.413         1.052        -8.4986       Death          0.34         77,220,200     319,912,000 -383,202,708  211,622,660
2026-08-17 446.40 451.830 462.078 475.256 497.896         0.621        -9.0079       Death          0.22        -32,441,060     662,137,160 -485,940,560  336,151,992
2026-08-18 442.40 448.687 460.204 474.605 497.344         0.708        -9.4301       Death          0.26       -551,503,960    -554,622,740 -730,999,152  324,340,892
2026-08-19 447.20 448.191 458.965 474.062 496.845         0.590        -8.6309       Death          0.22        372,424,580     563,468,700 -718,681,980  408,328,428
2026-08-20 451.40 449.261 458.245 473.614 496.393         0.614        -7.1649       Death          0.22        251,656,620      98,392,080   23,471,276  217,857,440
2026-08-21 457.00 451.840 458.126 473.285 496.001         0.987        -5.1628       Death          0.24        -56,669,720     248,430,260   -3,306,708  203,561,092
2026-08-24 440.00 447.894 456.400 472.625 495.443         1.392        -5.8025       Death          0.32       -173,913,940     409,743,520  -31,601,284  153,082,364
2026-08-25 442.00 445.929 455.029 472.019 494.912         0.571        -5.6261       Death          0.14         79,931,660     -65,493,400   94,685,840  250,908,232
2026-08-26 445.40 445.753 454.112 471.492 494.419         0.704        -4.7560       Death          0.16        168,921,640     209,481,920   53,985,252  180,110,876
2026-08-27 447.80 446.435 453.511 471.023 493.955         0.581        -3.6135       Death          0.13        180,045,660     -12,050,980   39,663,060  158,022,264
2026-08-28 455.20 449.357 453.671 470.709 493.569         1.530        -1.7137       Death          0.30      1,376,518,700     235,106,760  326,300,744  155,357,564
2026-08-31 453.00 450.571 453.607 470.359 493.166         1.049        -0.6603       Death          0.22        316,142,660     463,627,760  424,312,064  166,134,412
2026-09-01 441.40 447.514 452.445 469.785 492.651         1.165        -1.3908       Death          0.22       -636,038,580     -85,592,980  281,118,016  162,114,496
2026-09-02 438.20 444.409 451.088 469.160 492.109         1.131        -2.1258       Death          0.23       -384,399,800     193,885,480  170,453,728  158,995,208

--------------------------------------------------------------------------------

处理 众安在线 (06060) ...

问题: 对众安在线 (06060)近日走势进行复盘分析，复盘区间：2026年07月23日 – 2026年09月02日
      date close   ema5  ema20 ema100 ema200 volume_ratio5 macd_histogram macd_status turnover_rate institutional_flow individual_flow    inst_5ma    ind_5ma
2026-07-23 10.91 10.696 10.273 11.770 13.197         0.666         0.3536      Golden          0.31           -838,062        -793,959  -2,256,889  2,517,125
2026-07-24 10.64 10.677 10.308 11.747 13.172         0.588         0.3019      Golden          0.24         -2,088,992      -5,285,074    -937,815  3,074,765
2026-07-27 10.56 10.638 10.332 11.724 13.146         1.007         0.2440      Golden          0.36         -3,073,862     -10,986,389  -1,492,872 -1,276,671
2026-07-28 10.63 10.635 10.360 11.702 13.121         0.702         0.2039      Golden          0.24          1,951,333      -1,239,375  -1,205,188 -3,449,907
2026-07-29 11.11 10.794 10.432 11.690 13.101         1.631         0.2288      Golden          0.50          1,314,739       2,556,041    -546,969 -3,149,751
2026-07-30 11.08 10.889 10.494 11.678 13.081         1.186         0.2276      Golden          0.39          2,667,597      -4,450,951     154,163 -3,881,150
2026-07-31 11.09 10.956 10.550 11.667 13.061         2.006         0.2147      Golden          0.69         -4,929,621     -18,487,031    -413,963 -6,521,541
2026-08-03 11.18 11.031 10.610 11.657 13.042         0.831         0.2049      Golden          0.36          1,671,966       8,676,407     535,203 -2,588,982
2026-08-04 11.43 11.164 10.688 11.652 13.026         1.314         0.2174      Golden          0.57          9,908,525        -957,602   2,126,641 -2,532,627
2026-08-05 11.37 11.233 10.753 11.647 13.010         0.521         0.2033      Golden          0.26          5,472,042        -852,970   2,958,102 -3,214,429
2026-08-06 11.19 11.218 10.795 11.638 12.991         0.650         0.1573      Golden          0.30           -165,999      -1,586,390   2,391,383 -2,641,517
2026-08-07 11.11 11.182 10.825 11.627 12.973         0.696         0.1063      Golden          0.30         -1,509,722      -8,836,468   3,075,362   -711,405
2026-08-10 11.10 11.155 10.851 11.617 12.954         0.570         0.0635      Golden          0.20         -1,486,754      -1,113,008   2,443,618 -2,669,288
2026-08-11 10.91 11.073 10.857 11.603 12.934         0.893         0.0049      Golden          0.29         -4,014,498     -11,317,008    -340,986 -4,741,169
2026-08-12 10.88 11.009 10.859 11.589 12.913         0.793        -0.0401       Death          0.22            257,901      -4,883,462  -1,383,814 -5,547,267
2026-08-13 10.88 10.966 10.861 11.575 12.893         1.011        -0.0703       Death          0.27         -2,131,206      -2,503,231  -1,776,856 -5,730,635
2026-08-14 10.54 10.824 10.830 11.554 12.870         1.185        -0.1329       Death          0.30          1,168,010      -3,854,203  -1,241,309 -4,734,182
2026-08-17 10.69 10.779 10.817 11.537 12.848         1.028        -0.1496       Death          0.26          6,508,162       1,890,903     357,674 -4,133,400
2026-08-18 10.49 10.683 10.786 11.516 12.825         0.751        -0.1810       Death          0.20           -727,056      -2,355,515   1,015,162 -2,341,102
2026-08-19 10.43 10.599 10.752 11.495 12.801         1.434        -0.2018       Death          0.36          2,008,028      -5,790,863   1,365,188 -2,522,582
2026-08-20 10.02 10.406 10.682 11.465 12.773         3.115        -0.2590       Death          0.87         21,033,582         -79,114   5,998,145 -2,037,758
2026-08-21 10.52 10.444 10.667 11.447 12.751         1.863        -0.2192       Death          0.75         32,100,009       8,375,313  12,184,545    408,145
2026-08-24 10.74 10.543 10.674 11.433 12.731         1.640        -0.1561       Death          0.80         19,598,147        -902,100  14,802,542   -150,456
2026-08-25 10.92 10.668 10.697 11.423 12.713         2.650        -0.0863       Death          1.58         30,146,984         658,424  20,977,350    452,332
2026-08-26 12.31 11.216 10.851 11.440 12.709         3.373         0.1386      Golden          2.94         98,848,182      -9,463,323  40,345,381   -282,160
2026-08-27 11.72 11.384 10.934 11.446 12.699         0.819         0.1959      Golden          1.14        -52,069,318      -6,063,151  25,724,801 -1,478,967
2026-08-28 11.74 11.502 11.010 11.452 12.689         0.540         0.2226      Golden          0.78           -114,247     -12,232,218  19,281,950 -5,600,474
2026-08-31 11.42 11.475 11.049 11.451 12.677         0.558         0.1848      Golden          0.81        -27,765,228     -14,770,201   9,809,275 -8,374,094
2026-09-01 11.41 11.453 11.084 11.450 12.664         0.388         0.1476      Golden          0.56         -2,468,364      -1,942,110   3,286,205 -8,894,201
2026-09-02 11.40 11.436 11.114 11.449 12.651         0.240         0.1126      Golden          0.30            -32,001        -216,801 -16,489,832 -7,044,896

--------------------------------------------------------------------------------

处理 美兰空港 (00357) ...

问题: 对美兰空港 (00357)近日走势进行复盘分析，复盘区间：2026年07月23日 – 2026年09月02日
      date close  ema5 ema20 ema100 ema200 volume_ratio5 macd_histogram macd_status turnover_rate institutional_flow individual_flow inst_5ma   ind_5ma
2026-07-23  4.60 4.420 4.363  5.848  7.201         0.374         0.1512      Golden          0.10                             70,470  315,942   -41,246
2026-07-24  4.52 4.453 4.378  5.821  7.174         0.505         0.1531      Golden          0.08                            293,870  315,942    66,028
2026-07-27  4.98 4.629 4.435  5.805  7.152         2.179         0.2075      Golden          0.33            156,480         689,430   83,376   244,784
2026-07-28  5.04 4.766 4.493  5.790  7.131         1.415         0.2403      Golden          0.23                             76,330   57,576   211,140
2026-07-29  5.69 5.074 4.607  5.788  7.117         2.718         0.3327      Golden          0.46          1,020,220       1,407,790  235,340   507,578
2026-07-30  5.57 5.239 4.699  5.783  7.102         0.984         0.3586      Golden          0.24            173,290       1,421,250  269,998   777,734
2026-07-31  5.43 5.303 4.768  5.776  7.085         0.882         0.3380      Golden          0.24              1,680         557,450  270,334   830,450
2026-08-03  5.48 5.362 4.836  5.770  7.069         0.255         0.3129      Golden          0.08            404,340         264,945  319,906   745,553
2026-08-04  5.68 5.468 4.916  5.769  7.055         0.651         0.3046      Golden          0.16                            428,995  319,906   816,086
2026-08-05  5.65 5.529 4.986  5.766  7.041         1.428         0.2774      Golden          0.33            -58,460       1,249,745  104,170   784,477
2026-08-06  5.57 5.542 5.042  5.762  7.026         0.847         0.2326      Golden          0.18            382,445       1,141,200  146,001   728,467
2026-08-07  5.70 5.595 5.105  5.761  7.013         0.991         0.2055      Golden          0.19                          1,850,395  145,665   987,056
2026-08-10  5.52 5.570 5.144  5.756  6.998         0.709         0.1508      Golden          0.13                            782,875   64,797 1,090,642
2026-08-11  5.50 5.547 5.178  5.751  6.984         0.941         0.1018      Golden          0.19                          1,731,860   64,797 1,351,215
2026-08-12  5.56 5.551 5.214  5.748  6.969         0.335         0.0689      Golden          0.07            193,200         260,910  115,129 1,153,448
2026-08-13  5.50 5.534 5.242  5.743  6.955         0.625         0.0323      Golden          0.10            165,900         257,550   71,820   976,718
2026-08-14  5.54 5.536 5.270  5.739  6.941         0.104         0.0081      Golden          0.01                             83,720   71,820   623,383
2026-08-17  5.56 5.544 5.298  5.735  6.927         1.486        -0.0098       Death          0.15                             52,855   71,820   477,379
2026-08-18  5.51 5.533 5.318  5.731  6.913         0.402        -0.0315       Death          0.04                            369,990   71,820   205,005
2026-08-19  5.54 5.535 5.339  5.727  6.899         1.940        -0.0444       Death          0.14                          1,005,795   33,180   353,982
2026-08-20  5.62 5.563 5.366  5.725  6.886         0.952        -0.0444       Death          0.08                            533,940            409,260
2026-08-21  5.62 5.582 5.390  5.723  6.874         0.874        -0.0466       Death          0.08                            358,225            464,161
2026-08-24  5.24 5.468 5.376  5.713  6.858         1.603        -0.0984       Death          0.16                            337,580            521,106
2026-08-25  5.22 5.385 5.361  5.703  6.841         0.786        -0.1324       Death          0.08            392,625         376,200   78,525   522,348
2026-08-26  5.22 5.330 5.347  5.694  6.825         0.294        -0.1506       Death          0.03                            -25,610   78,525   316,067
2026-08-27  5.06 5.240 5.320  5.681  6.808         0.227        -0.1780       Death          0.02                             41,335   78,525   217,546
2026-08-28  5.19 5.223 5.308  5.671  6.791         1.584        -0.1723       Death          0.12                            491,990   78,525   244,299
2026-08-31  5.25 5.232 5.302  5.663  6.776         0.782        -0.1548       Death          0.06                            221,255   78,525   221,034
2026-09-01  5.06 5.175 5.279  5.651  6.759         1.316        -0.1622       Death          0.08            296,130         183,475   59,226   182,489
2026-09-02  5.16 5.170 5.268  5.641  6.743         0.604        -0.1476       Death          0.04                            118,765   59,226   211,364

--------------------------------------------------------------------------------

处理 中生制药 (01177) ...

问题: 对中生制药 (01177)近日走势进行复盘分析，复盘区间：2026年07月23日 – 2026年09月02日
      date close  ema5 ema20 ema100 ema200 volume_ratio5 macd_histogram macd_status turnover_rate institutional_flow individual_flow    inst_5ma     ind_5ma
2026-07-23  5.19 5.194 5.002  5.330  5.615         0.455         0.0799      Golden          0.28        -15,086,310      10,369,810  15,933,792  22,342,774
2026-07-24  5.15 5.180 5.016  5.326  5.610         0.531         0.0556      Golden          0.29         -3,220,480      20,442,290  19,859,208  47,725,914
2026-07-27  5.09 5.150 5.023  5.322  5.605         0.362         0.0282      Golden          0.16        -13,792,290      -7,822,230  11,253,006  36,563,024
2026-07-28  5.09 5.130 5.030  5.317  5.600         0.495         0.0077      Golden          0.20         -3,314,230       1,579,110   8,157,368  34,469,986
2026-07-29  5.23 5.163 5.049  5.315  5.596         1.005         0.0105      Golden          0.34          9,870,850      45,889,020  -5,108,492  14,091,600
2026-07-30  5.06 5.129 5.050  5.310  5.591         2.260        -0.0118       Death          0.57        -24,457,870     -51,206,940  -6,982,804   1,776,250
2026-07-31  5.03 5.096 5.048  5.305  5.585         1.050        -0.0308       Death          0.33        -15,432,060     -21,898,380  -9,425,120  -6,691,884
2026-08-03  4.94 5.044 5.038  5.298  5.579         0.969        -0.0543       Death          0.31        -10,532,360     -38,990,285  -8,773,134 -12,925,495
2026-08-04  4.94 5.009 5.028  5.290  5.573         0.736        -0.0678       Death          0.26          3,344,530     -30,164,630  -7,441,382 -19,274,243
2026-08-05  4.88 4.966 5.014  5.282  5.566         0.878        -0.0818       Death          0.32           -640,505     -32,678,440  -9,543,653 -34,987,735
2026-08-06  4.93 4.954 5.006  5.275  5.559         1.008        -0.0812       Death          0.36         12,684,550         706,025  -2,115,169 -24,605,142
2026-08-07  5.10 5.003 5.015  5.272  5.555         1.500        -0.0560       Death          0.47         52,659,870      66,594,000  11,503,217  -6,906,666
2026-08-10  5.05 5.018 5.018  5.268  5.550         1.343        -0.0445       Death          0.46          2,543,540      23,394,155  14,118,397   5,570,222
2026-08-11  5.00 5.012 5.017  5.262  5.544         1.136        -0.0423       Death          0.43         13,554,300     -23,985,330  16,160,351   6,806,082
2026-08-12  4.92 4.982 5.008  5.255  5.538         0.673        -0.0496       Death          0.27          9,404,205     -13,846,600  18,169,293  10,572,450
2026-08-13  4.87 4.944 4.994  5.248  5.531         0.953        -0.0586       Death          0.38         21,372,235      -7,977,685  19,906,830   8,835,708
2026-08-14  4.78 4.890 4.974  5.239  5.524         0.601        -0.0732       Death          0.24          5,947,290     -20,137,310  10,564,314  -8,510,554
2026-08-17  4.81 4.863 4.958  5.230  5.517         0.656        -0.0750       Death          0.24        -15,445,930      16,707,860   6,966,420  -9,847,813
2026-08-18  4.80 4.842 4.943  5.222  5.510         0.805        -0.0737       Death          0.25         14,545,060      17,214,800   7,164,572  -1,607,787
2026-08-19  4.79 4.825 4.929  5.213  5.503         0.925        -0.0702       Death          0.26          3,118,305     -18,577,685   5,907,392  -2,554,004
2026-08-20  5.39 5.013 4.973  5.217  5.501         7.489         0.0123      Golden          2.05        118,910,890      58,769,895  25,415,123  10,795,512
2026-08-21  5.60 5.209 5.032  5.224  5.502         1.260         0.0904      Golden          0.76         25,885,205      18,724,315  29,402,706  18,567,837
2026-08-24  5.58 5.333 5.085  5.231  5.503         0.710         0.1319      Golden          0.50        -17,649,615      41,536,225  28,961,969  23,533,510
2026-08-25  5.62 5.428 5.136  5.239  5.504         0.514         0.1558      Golden          0.39        -18,702,820       7,527,755  22,312,393  21,596,101
2026-08-26  5.74 5.532 5.193  5.249  5.507         1.218         0.1771      Golden          0.97        -40,381,370     -14,945,525  13,612,458  22,322,533
2026-08-27  5.64 5.568 5.236  5.257  5.508         0.429         0.1673      Golden          0.40          2,711,950     -34,342,070  -9,627,330   3,700,140
2026-08-28  5.60 5.579 5.270  5.263  5.509         0.464         0.1458      Golden          0.28         13,836,460     -11,767,790 -12,037,079  -2,398,281
2026-08-31  5.45 5.536 5.287  5.267  5.508         0.976         0.1037      Golden          0.50         21,293,970      42,911,310  -4,248,362  -2,123,264
2026-09-01  5.26 5.444 5.285  5.267  5.506         0.700         0.0455      Golden          0.36         26,775,890     -34,565,420   4,847,380 -10,541,899
2026-09-02  5.26 5.383 5.282  5.267  5.503         0.439         0.0044      Golden          0.22         18,810,560       1,907,490  16,685,766  -7,171,296

--------------------------------------------------------------------------------

处理 石药集团 (01093) ...

问题: 对石药集团 (01093)近日走势进行复盘分析，复盘区间：2026年07月23日 – 2026年09月02日
      date close  ema5 ema20 ema100 ema200 volume_ratio5 macd_histogram macd_status turnover_rate institutional_flow individual_flow    inst_5ma      ind_5ma
2026-07-23  8.37 8.370 7.996  8.014  8.088         0.308         0.0886      Golden          0.26         25,010,620      34,620,640  10,474,056   44,514,928
2026-07-24  8.55 8.430 8.048  8.025  8.092         1.786         0.0797      Golden          1.18         96,042,740      72,445,620  24,609,968   83,349,328
2026-07-27  8.30 8.386 8.072  8.030  8.094         1.047         0.0332      Golden          0.68         25,706,620      -4,524,320  27,759,144   56,245,556
2026-07-28  8.49 8.421 8.112  8.040  8.098         0.979         0.0215      Golden          0.62         47,138,100      58,774,480  34,968,692   49,721,952
2026-07-29  8.76 8.534 8.174  8.054  8.105         1.231         0.0425      Golden          0.82        -25,806,620      99,778,500  33,618,292   52,218,984
2026-07-30  8.55 8.539 8.210  8.064  8.109         0.948         0.0215      Golden          0.67         40,335,140     -22,010,400  36,683,196   40,892,776
2026-07-31  8.58 8.553 8.245  8.074  8.114         0.608         0.0059      Golden          0.48         21,208,440     -38,657,240  21,716,336   18,672,204
2026-08-03  8.46 8.522 8.265  8.082  8.118         0.698        -0.0247       Death          0.46          6,281,430      19,871,100  17,831,298   23,551,288
2026-08-04  8.48 8.508 8.286  8.089  8.121         0.777        -0.0452       Death          0.47          3,047,660      34,645,140   9,013,210   18,725,420
2026-08-05  8.38 8.465 8.295  8.095  8.124         1.114        -0.0734       Death          0.65         25,254,650     -66,588,140  19,225,464  -14,547,908
2026-08-06  8.50 8.477 8.314  8.103  8.127         0.874        -0.0768       Death          0.48            688,170      69,059,310  11,296,070    3,666,034
2026-08-07  8.69 8.548 8.350  8.115  8.133         1.302        -0.0553       Death          0.66         50,892,890      80,183,260  17,232,960   27,434,134
2026-08-10  8.62 8.572 8.376  8.125  8.138         1.381        -0.0525       Death          0.75          7,100,170     -60,748,490  17,396,708   11,310,216
2026-08-11  8.70 8.615 8.407  8.136  8.143         1.041        -0.0421       Death          0.63         17,723,810      37,268,220  20,331,938   11,834,832
2026-08-12  8.68 8.636 8.433  8.147  8.149         0.699        -0.0404       Death          0.44           -952,630      17,562,820  15,090,482   28,665,024
2026-08-13  8.85 8.708 8.472  8.161  8.156         1.551        -0.0197       Death          0.92         41,820,730     112,010,600  23,316,994   37,255,282
2026-08-14  8.69 8.702 8.493  8.171  8.161         0.503        -0.0303       Death          0.34         -4,635,940     -28,032,740  12,211,228   15,612,082
2026-08-17  8.76 8.721 8.519  8.183  8.167         0.993        -0.0306       Death          0.61         30,243,350      28,073,190  16,839,864   33,376,418
2026-08-18  8.80 8.747 8.545  8.195  8.173         0.729        -0.0281       Death          0.43         28,604,650      18,760,680  19,016,032   29,674,910
2026-08-19  8.68 8.725 8.558  8.205  8.178         1.066        -0.0444       Death          0.58        -63,836,130     -64,899,530   6,439,332   13,182,440
2026-08-20  9.52 8.990 8.650  8.231  8.192         6.617         0.0510      Golden          3.82        446,822,800    -238,793,060  87,439,746  -56,978,292
2026-08-21  9.19 9.057 8.701  8.250  8.202         1.016         0.0620      Golden          1.18         57,347,040     -73,053,620  99,836,342  -65,982,468
2026-08-24  9.40 9.171 8.768  8.273  8.214         0.929         0.0883      Golden          1.23        -16,310,630      32,939,200  90,525,546  -65,009,266
2026-08-25  9.41 9.251 8.829  8.295  8.226         0.760         0.0971      Golden          1.10         -6,070,600    -223,215,370  83,590,496 -113,404,476
2026-08-26  9.52 9.340 8.895  8.319  8.238         1.045         0.1070      Golden          1.65        -40,819,970     -59,755,960  88,193,728 -112,375,762
2026-08-27  9.68 9.454 8.970  8.346  8.253         0.589         0.1231      Golden          1.06         24,889,390     -76,749,010   3,807,046  -79,966,952
2026-08-28  9.53 9.479 9.023  8.370  8.265         0.520         0.1026      Golden          0.65        -56,899,560     -72,851,730 -19,042,274  -79,926,574
2026-08-31  9.24 9.399 9.044  8.387  8.275         1.042         0.0419      Golden          1.18        -51,705,070    -127,721,220 -26,121,162 -112,058,658
2026-09-01  9.23 9.343 9.061  8.404  8.285         0.458        -0.0050       Death          0.52         19,426,920      14,845,590 -21,021,658  -64,446,466
2026-09-02  9.17 9.285 9.072  8.419  8.293         0.565        -0.0472       Death          0.57         26,237,590         386,380  -7,610,146  -52,417,998

--------------------------------------------------------------------------------

处理 协鑫科技 (03800) ...

问题: 对协鑫科技 (03800)近日走势进行复盘分析，复盘区间：2026年07月23日 – 2026年09月02日
      date close  ema5 ema20 ema100 ema200 volume_ratio5 macd_histogram macd_status turnover_rate institutional_flow individual_flow   inst_5ma     ind_5ma
2026-07-23  0.63 0.610 0.639  0.830  0.946         0.967         0.0096      Golden          0.77         40,692,460      18,756,250 15,238,256  11,256,458
2026-07-24  0.60 0.607 0.635  0.825  0.943         0.453         0.0097      Golden          0.36        -19,990,960     -13,576,100 13,304,224  13,246,472
2026-07-27  0.60 0.605 0.632  0.821  0.939         0.513         0.0100      Golden          0.40          2,765,400       7,831,430 14,875,572  11,166,044
2026-07-28  0.59 0.600 0.628  0.816  0.936         0.568         0.0091      Golden          0.41        -10,978,780         -47,890  8,952,672  11,891,706
2026-07-29  0.61 0.603 0.626  0.812  0.932         1.162         0.0113      Golden          0.62         28,408,170      14,312,470  8,179,258   5,455,232
2026-07-30  0.62 0.609 0.626  0.808  0.929         1.027         0.0141      Golden          0.52          7,348,740      14,807,480  1,510,514   4,665,478
2026-07-31  0.61 0.609 0.624  0.804  0.926         1.047         0.0144      Golden          0.48         -2,648,640      16,486,500  4,978,978  10,677,998
2026-08-03  0.68 0.633 0.630  0.802  0.924         3.853         0.0235      Golden          1.88         49,396,295      90,363,215 14,305,157  27,184,355
2026-08-04  0.69 0.652 0.635  0.800  0.921         1.210         0.0297      Golden          0.95         26,138,815      18,653,740 21,728,676  30,924,681
2026-08-05  0.70 0.668 0.641  0.798  0.919         0.977         0.0338      Golden          0.87         31,894,985     -17,384,855 22,426,039  24,585,216
2026-08-06  0.67 0.669 0.644  0.795  0.917         0.767         0.0312      Golden          0.72        -14,473,500      -6,791,475 18,061,591  20,265,425
2026-08-07  0.73 0.689 0.652  0.794  0.915         1.611         0.0360      Golden          1.58         44,186,850      31,473,485 27,428,689  23,262,822
2026-08-10  0.73 0.703 0.660  0.793  0.913         0.755         0.0373      Golden          0.90         11,547,890      -8,979,300 19,859,008   3,394,319
2026-08-11  0.72 0.708 0.665  0.791  0.911         0.559         0.0351      Golden          0.56          7,236,795       6,393,350 16,078,604     942,241
2026-08-12  0.76 0.726 0.674  0.790  0.910         1.382         0.0371      Golden          1.28         30,800,400       1,760,150 15,859,687   4,771,242
2026-08-13  0.74 0.730 0.681  0.789  0.908         1.022         0.0338      Golden          1.03        -31,600,400      -9,709,635 12,434,307   4,187,610
2026-08-14  0.72 0.727 0.684  0.788  0.906         0.504         0.0274      Golden          0.54         -2,718,710      -2,149,915  3,053,195  -2,537,070
2026-08-17  0.73 0.728 0.689  0.787  0.904         0.647         0.0231      Golden          0.56          8,736,980         365,405  2,491,013    -668,129
2026-08-18  0.74 0.732 0.694  0.786  0.903         0.891         0.0202      Golden          0.71         23,795,750      26,219,325  5,802,804   3,297,066
2026-08-19  0.72 0.728 0.696  0.785  0.901         0.935         0.0146      Golden          0.77        -12,667,715      16,776,740 -2,890,819   6,300,384
2026-08-20  0.71 0.722 0.698  0.783  0.899         1.061         0.0088      Golden          0.76         46,273,070       5,169,880 12,683,875   9,276,287
2026-08-21  0.72 0.721 0.700  0.782  0.897         0.989         0.0057      Golden          0.66         -4,151,535       7,625,330 12,397,310  11,231,336
2026-08-24  0.70 0.714 0.700  0.780  0.895         0.858         0.0006      Golden          0.59          3,935,685      -7,964,525 11,437,051   9,565,350
2026-08-25  0.70 0.709 0.700  0.779  0.893         1.246        -0.0029       Death          0.87            599,120      14,416,300  6,797,725   7,204,745
2026-08-26  0.73 0.716 0.703  0.778  0.892         1.692        -0.0014       Death          1.24         46,706,720      18,034,865 18,672,612   7,456,370
2026-08-27  0.74 0.724 0.706  0.777  0.890         1.074         0.0006      Golden          0.89         45,228,005      23,224,200 18,463,599  11,067,234
2026-08-28  0.79 0.746 0.714  0.777  0.889         1.170         0.0079      Golden          1.00         30,817,775      71,266,510 25,457,461  23,795,470
2026-08-31  0.70 0.731 0.713  0.776  0.887         8.652         0.0003      Golden          7.94        -37,481,120     -97,953,830 17,174,100   5,797,609
2026-09-01  0.72 0.727 0.713  0.775  0.886         0.753        -0.0023       Death          1.80          6,168,215     -30,464,890 18,287,919  -3,178,629
2026-09-02  0.70 0.718 0.712  0.773  0.884         0.298        -0.0066       Death          0.77        -10,159,980     -45,086,520  6,914,579 -15,802,906

--------------------------------------------------------------------------------

处理 商汤科技 (00020) ...

问题: 对商汤科技 (00020)近日走势进行复盘分析，复盘区间：2026年07月23日 – 2026年09月02日
      date close  ema5 ema20 ema100 ema200 volume_ratio5 macd_histogram macd_status turnover_rate institutional_flow individual_flow    inst_5ma     ind_5ma
2026-07-23  1.39 1.380 1.388  1.728  1.862         0.373         0.0421      Golden          0.43         -6,459,110     -21,392,990  -8,811,120  10,701,724
2026-07-24  1.32 1.360 1.381  1.720  1.856         0.751         0.0321      Golden          0.76        -66,987,080       6,351,700   8,843,390  10,775,606
2026-07-27  1.35 1.357 1.378  1.712  1.851         1.063         0.0290      Golden          0.97         80,309,000      48,681,660  14,214,406  24,828,454
2026-07-28  1.40 1.371 1.381  1.706  1.847         1.269         0.0329      Golden          1.11         47,657,440      48,149,580   9,512,146  22,329,230
2026-07-29  1.44 1.394 1.386  1.701  1.843         1.680         0.0396      Golden          1.37        151,854,470      54,163,190  41,274,944  27,190,628
2026-07-30  1.41 1.399 1.388  1.695  1.838         0.936         0.0388      Golden          0.87         25,894,920     -53,932,790  47,745,750  20,682,668
2026-07-31  1.45 1.416 1.394  1.690  1.834         1.657         0.0421      Golden          1.68         20,363,400       3,951,990  65,215,846  20,202,726
2026-08-03  1.50 1.444 1.404  1.686  1.831         1.091         0.0489      Golden          1.31        -21,988,320     171,914,590  44,756,382  44,849,312
2026-08-04  1.54 1.476 1.417  1.684  1.828         0.777         0.0563      Golden          0.99         37,944,500      65,169,625  42,813,794  48,253,321
2026-08-05  1.57 1.507 1.432  1.681  1.826         1.166         0.0622      Golden          1.45        -14,370,795      99,276,765   9,568,741  57,276,036
2026-08-06  1.52 1.512 1.440  1.678  1.823         0.645         0.0566      Golden          0.81        -30,214,750      -1,514,235  -1,653,193  67,759,747
2026-08-07  1.46 1.494 1.442  1.674  1.819         1.033         0.0425      Golden          1.29          7,265,210      82,470,220  -4,272,831  83,463,393
2026-08-10  1.48 1.490 1.446  1.670  1.816         0.621         0.0341      Golden          0.73         17,519,625      45,273,045   3,628,758  58,135,084
2026-08-11  1.42 1.466 1.443  1.665  1.812         0.751         0.0193      Golden          0.79        -38,272,450     -36,716,100 -11,614,632  37,757,939
2026-08-12  1.44 1.458 1.443  1.661  1.808         0.499         0.0115      Golden          0.51         19,405,410      16,451,085  -4,859,391  21,192,803
2026-08-13  1.43 1.448 1.442  1.656  1.804         0.794         0.0046      Golden          0.66         27,579,220      -8,614,330   6,699,403  19,772,784
2026-08-14  1.40 1.432 1.438  1.651  1.800         0.769        -0.0039       Death          0.61          4,018,740     -48,837,550   6,050,109  -6,488,770
2026-08-17  1.53 1.465 1.447  1.649  1.798         5.356         0.0075      Golden          3.52        -58,089,435     201,148,605  -9,071,703  24,686,342
2026-08-18  1.46 1.463 1.448  1.645  1.794         1.610         0.0051      Golden          1.96        -85,343,045     159,669,085 -18,485,822  63,963,379
2026-08-19  1.43 1.452 1.446  1.641  1.791         0.671        -0.0006       Death          0.97        -14,467,360      42,067,065 -25,260,376  69,086,575
2026-08-20  1.48 1.461 1.449  1.637  1.787         0.936         0.0021      Golden          1.44         27,936,520      -1,185,645 -25,188,916  70,572,312
2026-08-21  1.52 1.481 1.456  1.635  1.785         0.768         0.0087      Golden          1.31         23,731,030      79,451,255 -21,246,458  96,230,073
2026-08-24  1.47 1.477 1.457  1.632  1.782         0.957         0.0058      Golden          1.76        -70,820,780     -48,429,585 -23,792,727  46,314,435
2026-08-25  1.51 1.488 1.462  1.629  1.779         2.338         0.0086      Golden          3.48       -120,192,155     657,349,690 -30,762,549 145,850,556
2026-08-26  1.47 1.482 1.463  1.626  1.776         0.557         0.0046      Golden          1.00        -22,286,030     121,658,345 -32,326,283 161,768,812
2026-08-27  1.42 1.461 1.459  1.622  1.772         0.840        -0.0048       Death          1.51         -5,452,175     182,198,790 -39,004,022 198,445,699
2026-08-28  1.48 1.468 1.461  1.619  1.769         1.235        -0.0029       Death          2.24        202,849,460      79,370,660  -3,180,336 198,429,580
2026-08-31  1.44 1.458 1.459  1.616  1.766         0.736        -0.0069       Death          1.47        -99,818,345     150,024,805  -8,979,849 238,120,458
2026-09-01  1.42 1.446 1.455  1.612  1.763         0.573        -0.0117       Death          1.11          6,447,080      -4,497,585  16,347,998 105,751,003
2026-09-02  1.40 1.430 1.450  1.608  1.759         0.599        -0.0169       Death          0.88         11,552,845      47,492,770  23,115,773  90,917,888

--------------------------------------------------------------------------------

处理 国泰海通 (02611) ...

问题: 对国泰海通 (02611)近日走势进行复盘分析，复盘区间：2026年07月23日 – 2026年09月02日
      date close   ema5  ema20 ema100 ema200 volume_ratio5 macd_histogram macd_status turnover_rate institutional_flow individual_flow   inst_5ma     ind_5ma
2026-07-23 15.28 15.077 14.883 14.536 14.430         1.034        -0.0183       Death          0.34         27,050,556      53,879,958 13,216,916  25,624,470
2026-07-24 15.24 15.131 14.917 14.550 14.438         0.768        -0.0016       Death          0.27         -1,933,898      37,262,010 12,226,753  25,393,630
2026-07-27 15.13 15.131 14.937 14.562 14.445         0.448        -0.0084       Death          0.14         -2,393,570       2,038,770  8,159,077  25,950,462
2026-07-28 14.79 15.017 14.923 14.566 14.448         1.123        -0.0590       Death          0.29         -6,496,840       8,443,404  4,719,067  26,146,508
2026-07-29 15.10 15.045 14.940 14.577 14.455         0.608        -0.0512       Death          0.16         -5,198,290      -9,376,816  2,205,592  18,449,465
2026-07-30 15.08 15.057 14.954 14.587 14.461         0.781        -0.0492       Death          0.19         -2,845,142      -5,024,290 -3,773,548   6,668,616
2026-07-31 14.93 15.014 14.951 14.594 14.466         0.822        -0.0675       Death          0.17          5,807,656      -6,656,474 -2,225,237  -2,115,081
2026-08-03 14.72 14.916 14.929 14.596 14.468         1.273        -0.1050       Death          0.24         -8,036,608       9,707,200 -3,353,845    -581,395
2026-08-04 14.54 14.791 14.892 14.595 14.469         0.888        -0.1485       Death          0.19         -1,314,646      -3,469,552 -2,317,406  -2,963,986
2026-08-05 14.63 14.737 14.867 14.596 14.470         1.613        -0.1588       Death          0.31         13,963,676     -34,742,968  1,514,987  -8,037,217
2026-08-06 14.36 14.611 14.819 14.591 14.469         1.988        -0.1932       Death          0.43         20,017,474     -53,290,982  6,087,510 -17,690,555
2026-08-07 14.42 14.548 14.781 14.588 14.469         0.817        -0.1984       Death          0.22          3,159,880     -26,279,080  5,557,955 -21,615,076
2026-08-10 14.47 14.522 14.751 14.585 14.469         1.245        -0.1858       Death          0.35         13,784,126     -13,134,024  9,922,102 -26,183,321
2026-08-11 14.18 14.408 14.697 14.577 14.466         1.030        -0.2057       Death          0.31         11,977,890     -14,676,540 12,580,609 -28,424,719
2026-08-12 14.25 14.355 14.654 14.571 14.464         0.643        -0.1986       Death          0.21         12,378,276      -4,357,918 12,263,529 -22,347,709
2026-08-13 14.42 14.377 14.632 14.568 14.463         0.567        -0.1616       Death          0.17         -3,601,354        -463,686  7,539,764 -11,782,250
2026-08-14 14.24 14.331 14.595 14.561 14.461         0.496        -0.1522       Death          0.12          2,643,182     -11,795,398  7,436,424  -8,885,513
2026-08-17 14.35 14.337 14.571 14.557 14.460         0.446        -0.1231       Death          0.10         10,356,056      -3,171,694  6,750,810  -6,893,047
2026-08-18 14.42 14.365 14.557 14.555 14.460         0.733        -0.0882       Death          0.13          7,906,278       5,420,006  5,936,488  -2,873,738
2026-08-19 14.61 14.447 14.562 14.556 14.461         2.302        -0.0358       Death          0.34         16,139,576       7,638,574  6,688,748    -474,440
2026-08-20 14.75 14.548 14.580 14.559 14.464         1.761         0.0184      Golden          0.31         -6,666,372       5,100,894  6,075,744     638,476
2026-08-21 15.03 14.709 14.623 14.569 14.470         1.390         0.0888      Golden          0.28          9,689,452     -15,667,294  7,484,998    -135,903
2026-08-24 15.18 14.866 14.676 14.581 14.477         1.194         0.1488      Golden          0.28          2,574,850     -16,690,778  5,928,757  -2,839,720
2026-08-25 15.16 14.964 14.722 14.592 14.484         1.063         0.1772      Golden          0.29        -17,805,916     -15,495,222    786,318  -7,022,765
2026-08-26 15.76 15.229 14.821 14.615 14.496         3.353         0.2629      Golden          1.00        -11,183,888     -43,343,290 -4,678,375 -17,219,138
2026-08-27 15.72 15.393 14.906 14.637 14.508         0.675         0.2978      Golden          0.29         -8,120,582      22,264,282 -4,969,217 -13,786,460
2026-08-28 15.69 15.492 14.981 14.658 14.520         0.912         0.2997      Golden          0.39          7,730,960     -37,618,648 -5,360,915 -18,176,731
2026-08-31 15.20 15.395 15.002 14.669 14.527         1.194         0.2213      Golden          0.54        -11,794,608     -32,680,826 -8,234,807 -21,374,741
2026-09-01 15.22 15.336 15.023 14.680 14.534         0.725         0.1613      Golden          0.36         19,035,738     -25,244,874   -866,476 -23,324,671
2026-09-02 14.99 15.221 15.020 14.686 14.538         0.659         0.0838      Golden          0.34         -8,333,318       8,238,528   -296,362 -13,008,308

--------------------------------------------------------------------------------

处理 京能清洁能源 (00579) ...
  跳过 00579（数据加载失败）

处理 港股万物云 (02602) ...

问题: 对港股万物云 (02602)近日走势进行复盘分析，复盘区间：2026年07月23日 – 2026年09月02日
      date close   ema5  ema20 ema100 ema200 volume_ratio5 macd_histogram macd_status turnover_rate institutional_flow individual_flow  inst_5ma   ind_5ma
2026-07-23 17.49 17.558 17.512 17.762 18.406         0.636         0.0802      Golden          0.05            681,140       2,095,161  -415,490 1,611,657
2026-07-24 17.20 17.439 17.482 17.751 18.394         0.450         0.0173      Golden          0.03           -278,518         627,990  -409,510 1,475,338
2026-07-27 16.41 17.096 17.380 17.725 18.375         4.499        -0.1237       Death          0.30             -5,410        -586,472   -35,970   879,660
2026-07-28 16.50 16.897 17.296 17.700 18.356         0.312        -0.1936       Death          0.03            486,197        -211,975   -11,205   432,395
2026-07-29 16.76 16.852 17.245 17.682 18.340         0.894        -0.1932       Death          0.08          4,838,269       2,407,677 1,144,336   866,476
2026-07-30 16.71 16.804 17.194 17.663 18.324         0.773        -0.1879       Death          0.08             74,692         414,778 1,023,046   530,400
2026-07-31 16.90 16.836 17.166 17.648 18.310         0.667        -0.1486       Death          0.07          2,726,398         -79,697 1,624,029   388,862
2026-08-03 17.20 16.957 17.169 17.639 18.299         0.384        -0.0759       Death          0.04            300,825       2,628,235 1,685,276 1,031,804
2026-08-04 17.01 16.975 17.154 17.626 18.286         0.621        -0.0483       Death          0.04           -358,176         146,173 1,516,402 1,103,433
2026-08-05 17.10 17.017 17.149 17.616 18.274         0.765        -0.0145       Death          0.05           -747,869       2,161,519   399,174 1,054,202
2026-08-06 17.04 17.024 17.139 17.604 18.262         1.087         0.0021      Golden          0.06         -1,175,382          10,912   149,159   973,428
2026-08-07 17.21 17.086 17.145 17.597 18.251         0.808         0.0366      Golden          0.04             30,717         989,125  -389,977 1,187,193
2026-08-10 17.92 17.364 17.219 17.603 18.248         1.283         0.1492      Golden          0.06            724,120         440,798  -305,318   749,705
2026-08-11 17.64 17.456 17.259 17.604 18.242         0.854         0.1782      Golden          0.04            181,455          75,000  -197,392   735,471
2026-08-12 18.20 17.704 17.349 17.616 18.242         1.364         0.2602      Golden          0.07          2,351,342       3,801,112   422,450 1,063,389
2026-08-13 17.88 17.763 17.399 17.621 18.238         0.721         0.2580      Golden          0.04          1,262,400        -501,507   910,007   960,906
2026-08-14 18.15 17.892 17.471 17.631 18.237         2.377         0.2780      Golden          0.12         -2,592,047         844,768   385,454   932,034
2026-08-17 18.02 17.935 17.523 17.639 18.235         0.641         0.2592      Golden          0.04            384,362         679,092   317,502   979,693
2026-08-18 18.16 18.010 17.584 17.649 18.234         1.313         0.2508      Golden          0.08          1,190,704         449,798   519,352 1,054,653
2026-08-19 17.90 17.973 17.614 17.654 18.231         0.506         0.1979      Golden          0.04           -544,705        -304,272   -59,857   233,576
2026-08-20 17.92 17.955 17.643 17.659 18.228         1.245         0.1550      Golden          0.08          1,314,516        -880,719   -49,434   157,733
2026-08-21 17.95 17.954 17.672 17.665 18.225         0.453         0.1217      Golden          0.03            132,708         335,923   495,517    55,964
2026-08-24 18.10 18.002 17.713 17.674 18.224         0.370         0.1111      Golden          0.02                          1,016,633   418,645   123,473
2026-08-25 18.55 18.185 17.793 17.691 18.227         1.702         0.1533      Golden          0.08         -2,159,071        -494,817  -251,310   -65,450
2026-08-26 19.10 18.490 17.917 17.719 18.236         2.990         0.2389      Golden          0.15            577,870        -253,589   -26,795   -55,314
2026-08-27 19.18 18.720 18.038 17.748 18.245         1.315         0.2866      Golden          0.10          1,634,796        -625,040    37,261    -4,178
2026-08-28 19.43 18.957 18.170 17.781 18.257         1.197         0.3291      Golden          0.09           -108,099         360,034   -10,901       644
2026-08-31 19.13 19.014 18.262 17.808 18.266         1.782         0.2952      Golden          0.16         -2,557,334       3,513,640  -522,368   500,046
2026-09-01 19.65 19.226 18.394 17.845 18.279         1.022         0.3191      Golden          0.12          1,179,779       3,345,348   145,402 1,268,079
2026-09-02 19.45 19.301 18.494 17.876 18.291         0.468         0.2855      Golden          0.06            427,271       1,320,834   115,283 1,582,963

--------------------------------------------------------------------------------

处理完成: 成功 16 只股票，失败 1 只
输出已保存至：C:\Users\Quansheng\Documents\projects\TA_Workflow\prompt\Prompt_Daily.txt
