问题: 对商汤科技 (00020)进行周度走势复盘分析，复盘区间：2026年02月06日 – 2026年08月28日（共30周）

      date open high  low close week_change_pct volume_ratio turnover_rate  ema5 ema20 ema100 ema200 macd_histogram macd_status rsi14 institutional_flow individual_flow    inst_5ma      ind_5ma
2026-02-06 2.47 2.47 2.27  2.34          -5.26%        0.955         6.09% 2.386 2.253  1.917  2.333        -0.0039          死叉 54.65          2,643,390    -113,670,000 -21,493,246   55,948,628
2026-02-13 2.39 2.74 2.36  2.64          12.82%        1.189         8.39% 2.471 2.290  1.931  2.336         0.0234          金叉 61.78        558,660,000     788,140,000  57,604,754   68,532,628
2026-02-20 2.64 2.71 2.55  2.69           1.89%        0.252         1.29% 2.544 2.328  1.946  2.339         0.0434        金叉延续 62.83        -31,630,200      38,990,000  76,511,002   76,270,628
2026-02-27 2.72 2.80 2.43  2.56          -4.83%        1.767        14.72% 2.549 2.350  1.958  2.341         0.0347        金叉延续 58.35         66,760,000     995,230,000  82,513,002  298,698,628
2026-03-06 2.47 2.47 2.17  2.25         -12.11%        1.055         9.03% 2.450 2.340  1.964  2.341        -0.0146          死叉 49.31          4,250,000     530,940,000 120,136,638  447,926,000
2026-03-13 2.18 2.37 1.96  2.04          -9.33%        1.024         8.87% 2.313 2.312  1.965  2.338        -0.0740        死叉延续 44.31        191,460,000     564,690,000 157,899,960  583,598,000
2026-03-20 2.05 2.14 1.98  2.00          -1.96%        0.741         5.69% 2.209 2.282  1.966  2.334        -0.1147        死叉延续 43.40         74,030,000     231,530,000  60,973,960  472,276,000
2026-03-27 1.97 2.02 1.82  1.86          -7.00%        0.909         6.66% 2.092 2.242  1.964  2.329        -0.1541        死叉延续 40.30       -141,804,540     391,110,000  38,939,092  542,700,000
2026-04-03 1.81 1.92 1.80  1.85          -0.54%        0.574         3.47% 2.012 2.205  1.962  2.325        -0.1736        死叉延续 40.08         45,565,490      35,100,000 125,280,522  276,066,000
2026-04-10 1.93 2.08 1.92  2.01           8.65%        0.652         3.35% 2.011 2.186  1.963  2.322        -0.1576        死叉延续 45.24         65,950,000     124,330,000  47,040,190  269,352,000
2026-04-17 2.00 2.10 1.96  2.01           0.00%        0.803         3.76% 2.011 2.169  1.964  2.318        -0.1402        死叉延续 45.24        104,662,470     235,120,000  29,680,684  203,438,000
2026-04-24 2.01 2.08 1.95  2.03           1.00%        0.841         3.61% 2.017 2.156  1.965  2.316        -0.1200        死叉延续 45.91        205,457,990     134,990,000  55,966,282  184,130,000
2026-05-01 2.03 2.06 1.93  1.98          -2.46%        0.847         3.27% 2.005 2.139  1.965  2.312        -0.1077        死叉延续 44.44         52,485,870     187,800,000  89,015,696  282,698,000
2026-05-08 2.01 2.10 1.96  2.06           4.04%        0.905         3.35% 2.023 2.132  1.967  2.310        -0.0842        死叉延续 47.35        223,717,960    -119,552,760 130,454,858  112,537,448
2026-05-15 2.06 2.09 1.85  1.86          -9.71%        1.142         4.54% 1.969 2.106  1.965  2.305        -0.0904        死叉延续 41.50       -216,260,000     -50,690,000  74,012,858   77,533,448
2026-05-22 1.85 1.88 1.74  1.77          -4.84%        0.935         3.59% 1.903 2.074  1.961  2.300        -0.1008        死叉延续 39.15        -42,020,000    -357,790,000  44,676,364  -41,048,552
2026-05-29 1.77 1.81 1.62  1.66          -6.21%        1.186         5.02% 1.822 2.034  1.955  2.294        -0.1154        死叉延续 36.44        -35,576,100    -362,690,000  -3,530,454 -140,584,552
2026-06-05 1.66 1.84 1.63  1.66           0.00%        1.239         5.96% 1.768 1.999  1.949  2.287        -0.1177        死叉延续 36.44       -132,440,000    -233,660,000 -40,515,628 -224,876,552
2026-06-12 1.60 1.61 1.40  1.48         -10.84%        1.265         7.02% 1.672 1.949  1.940  2.279        -0.1349        死叉延续 32.21         17,100,000    -740,010,000 -81,839,220 -348,968,000
2026-06-19 1.51 1.54 1.44  1.48           0.00%        0.826         4.21% 1.608 1.905  1.931  2.271        -0.1372        死叉延续 32.21        -92,180,000    -110,750,000  22,468,272  178,648,000
2026-06-26 1.48 1.48 1.27  1.28         -13.51%        1.010         5.18% 1.499 1.845  1.918  2.261        -0.1552        死叉延续 28.01         20,500,000    -277,553,720 -44,519,220 -344,932,744
2026-07-03 1.30 1.39 1.29  1.38           7.81%        0.808         3.78% 1.459 1.801  1.907  2.253        -0.1435        死叉延续 32.73        -12,950,000    -195,150,000 -39,994,000 -311,424,744
2026-07-10 1.38 1.47 1.23  1.41           2.17%        1.207         6.30% 1.443 1.764  1.898  2.244        -0.1225        死叉延续 34.12         24,790,950     168,038,250  -8,547,810 -231,085,094
2026-07-17 1.41 1.43 1.25  1.29          -8.51%        1.094         5.99% 1.392 1.719  1.886  2.235        -0.1155        死叉延续 31.33       -150,300,040      89,700,100 -42,027,818  -65,143,074
2026-07-24 1.33 1.42 1.31  1.32           2.33%        0.880         4.54% 1.368 1.681  1.874  2.226        -0.0983        死叉延续 32.81         44,216,950      53,878,030 -14,748,428  -32,217,468
2026-07-31 1.32 1.51 1.31  1.45           9.85%        1.103         6.00% 1.395 1.659  1.866  2.218        -0.0626        死叉延续 38.96        326,079,230     101,013,630  46,367,418   43,496,002
2026-08-07 1.46 1.62 1.42  1.46           0.69%        1.048         5.85% 1.417 1.640  1.858  2.210        -0.0323        死叉延续 39.42        -21,364,155     417,316,965  44,684,587  165,989,395
2026-08-14 1.46 1.50 1.40  1.40          -4.11%        0.683         3.30% 1.411 1.617  1.849  2.202        -0.0160        死叉延续 37.59         30,250,545     -32,443,850  45,776,506  125,892,975
2026-08-21 1.50 1.59 1.42  1.52           8.57%        1.466         9.20% 1.447 1.608  1.842  2.196         0.0139          金叉 43.26       -106,232,290     481,150,365  54,590,056  204,183,028
2026-08-28 1.52 1.55 1.42  1.48          -2.63%        1.329         9.99% 1.458 1.595  1.835  2.188         0.0301        金叉延续 41.89        -15,901,680     992,147,900  28,395,936  357,637,580

--------------------------------------------------------------------------------
生成时间: 2026-08-28 17:48:23
