问题: 对中国铁塔 (00788)进行周度走势复盘分析，复盘区间：2026年02月06日 – 2026年08月28日（共30周）

      date  open  high   low close week_change_pct volume_ratio turnover_rate   ema5  ema20 ema100 ema200 macd_histogram macd_status rsi14 institutional_flow individual_flow    inst_5ma     ind_5ma
2026-02-06 10.78 10.82 10.47 10.48          -3.76%        1.210         1.81% 10.901 11.188 10.188  9.621        -0.2655        死叉延续 39.20        -48,750,000     -48,580,000 -41,321,600 -14,481,346
2026-02-13 10.48 10.81 10.33 10.64           1.53%        1.037         1.58% 10.814 11.135 10.197  9.631        -0.2750        死叉延续 42.16        -35,432,250     -13,779,010 -35,600,116 -14,546,982
2026-02-20 10.67 10.68 10.51 10.59          -0.47%        0.234         0.26% 10.739 11.083 10.205  9.640        -0.2744        死叉延续 41.48          1,949,770      -2,149,730 -27,706,496 -12,210,988
2026-02-27 10.66 10.92 10.65 10.78           1.79%        1.242         1.57% 10.753 11.055 10.216  9.652        -0.2363        死叉延续 45.10         27,570,040      10,063,350 -16,510,488 -15,065,004
2026-03-06 10.76 10.93 10.44 10.69          -0.83%        1.024         1.31% 10.732 11.020 10.225  9.662        -0.2118        死叉延续 43.72         40,930,000     -93,579,580  -2,746,488 -29,604,994
2026-03-13 10.63 11.12 10.35 11.11           3.93%        1.107         1.50% 10.858 11.028 10.243  9.676        -0.1316        死叉延续 51.22         24,850,000     111,554,270  11,973,512   2,421,860
2026-03-20 11.12 11.12 10.57 10.71          -3.60%        1.360         2.24% 10.809 10.998 10.252  9.687        -0.1250        死叉延续 45.06         18,449,960      81,364,060  22,749,954  21,450,474
2026-03-27 10.66 10.73 10.22 10.32          -3.64%        1.066         1.81% 10.646 10.934 10.254  9.693        -0.1634        死叉延续 40.01           -941,600       5,532,340  22,171,680  22,986,888
2026-04-03 10.26 10.43 10.07 10.38           0.58%        0.758         1.15% 10.557 10.881 10.256  9.700        -0.1701        死叉延续 41.10         30,170,000     -17,780,000   3,071,664 -11,700,560
2026-04-10 10.45 10.58 10.39 10.46           0.77%        0.580         0.73% 10.525 10.841 10.260  9.707        -0.1537        死叉延续 42.61         60,780,000     -16,405,690  26,661,672  32,852,996
2026-04-17 10.46 10.70 10.36 10.66           1.91%        0.928         1.12% 10.570 10.824 10.268  9.717        -0.1080        死叉延续 46.30          4,996,360     -16,688,010  22,690,944   7,204,540
2026-04-24 10.52 10.96 10.44 10.79           1.22%        0.945         1.11% 10.643 10.820 10.278  9.728        -0.0549        死叉延续 48.61           -400,810     -23,503,330  18,920,790 -13,768,938
2026-05-01 10.83 10.89 10.65 10.71          -0.74%        0.774         0.81% 10.665 10.810 10.287  9.737        -0.0268        死叉延续 47.26          6,184,770      39,610,000   1,322,954     419,440
2026-05-08 10.82 10.84 10.61 10.71           0.00%        0.972         1.01% 10.680 10.800 10.295  9.747        -0.0055        死叉延续 47.26          2,561,040       4,220,360  14,824,272  -2,553,334
2026-05-15 10.71 10.90 10.53 10.58          -1.21%        1.382         1.79% 10.647 10.779 10.301  9.755        -0.0062        死叉延续 44.91         23,650,000     110,332,990   7,398,272  22,794,402
2026-05-22 10.58 10.81 10.22 10.27          -2.93%        1.372         2.17% 10.521 10.731 10.300  9.760        -0.0435        死叉延续 39.83        -72,050,000     -10,192,730  -8,011,000  24,093,458
2026-05-29 10.33 10.33  9.81  9.92          -3.41%        1.276         2.34% 10.321 10.654 10.293  9.762        -0.1069        死叉延续 35.01        -17,100,000     -44,432,600 -11,350,838  19,907,604
2026-06-05  9.92 10.11  9.84  9.88          -0.40%        0.814         1.36% 10.174 10.580 10.285  9.763        -0.1435        死叉延续 34.50        -58,660,000      -3,020,310 -24,319,792  11,381,542
2026-06-12  9.81  9.88  9.53  9.72          -1.62%        0.968         1.60% 10.023 10.498 10.273  9.763        -0.1763        死叉延续 32.45          1,530,280       2,080,000 -24,525,944  10,953,470
2026-06-19  9.76  9.85  9.23  9.31          -4.22%        1.234         2.31%  9.785 10.385 10.254  9.758        -0.2366        死叉延续 27.88          9,950,000       3,283,660   5,478,954  10,474,858
2026-06-26  9.29  9.48  8.66  8.92          -4.19%        1.197         2.49%  9.497 10.245 10.228  9.750        -0.3079        死叉延续 24.36         10,480,000     -52,964,910 -10,759,944 -19,010,832
2026-07-03  8.94  9.09  8.68  9.04           1.35%        0.686         1.23%  9.344 10.131 10.204  9.743        -0.3164        死叉延续 27.40         40,560,400      53,503,320     772,136     576,352
2026-07-10  9.06  9.21  8.87  9.17           1.44%        0.694         1.08%  9.286 10.039 10.184  9.737        -0.2833        死叉延续 30.64         36,572,540      25,924,610  19,818,644   6,365,336
2026-07-17  9.13  9.46  9.07  9.31           1.53%        0.872         1.27%  9.294  9.970 10.167  9.733        -0.2238        死叉延续 34.06          2,234,990      47,835,225  19,959,586  15,516,381
2026-07-24  9.33  9.87  9.33  9.60           3.11%        0.839         1.14%  9.396  9.934 10.155  9.732        -0.1313        死叉延续 40.59         39,974,640      16,043,655  25,964,514  18,068,380
2026-07-31  9.65 10.06  9.61 10.03           4.48%        1.195         1.79%  9.607  9.944 10.153  9.735        -0.0047        死叉延续 48.71        -20,549,950      18,620,205  19,758,524  32,385,403
2026-08-07 10.02 10.13  9.68  9.74          -2.89%        0.972         1.44%  9.652  9.924 10.145  9.735         0.0447          金叉 44.31         23,023,028      -4,548,052  16,251,050  20,775,128
2026-08-14  9.78  9.85  9.10  9.30          -4.52%        1.314         2.30%  9.534  9.865 10.128  9.730         0.0238        金叉延续 38.62         44,671,052      41,748,718  17,870,752  23,939,950
2026-08-21  9.30  9.49  9.15  9.35           0.54%        1.118         2.10%  9.473  9.816 10.113  9.727         0.0225        金叉延续 39.57         52,756,000     -97,437,660  27,974,954  -5,114,627
2026-08-28  9.35  9.35  9.14  9.14          -2.25%        0.769         1.29%  9.362  9.751 10.093  9.721         0.0003        金叉延续 36.98         47,872,750     -49,827,015  14,013,504  -4,536,671

--------------------------------------------------------------------------------
生成时间: 2026-08-28 17:48:22
