问题: 对石药集团 (01093)进行周度走势复盘分析，复盘区间：2026年02月06日 – 2026年08月28日（共30周）

      date  open  high  low close week_change_pct volume_ratio turnover_rate  ema5 ema20 ema100 ema200 macd_histogram macd_status rsi14 institutional_flow individual_flow    inst_5ma      ind_5ma
2026-02-06  9.55  9.95 8.97  9.51           0.63%        1.019         6.47% 9.323 8.676  7.142  6.795         0.2438        金叉延续 59.21        -72,490,000      41,240,000 120,097,672  395,042,000
2026-02-13  9.55 10.55 9.55  9.96           4.73%        0.713         3.94% 9.536 8.799  7.198  6.827         0.2866        金叉延续 62.29        278,860,000     480,900,000 135,259,672  309,582,000
2026-02-20 10.04 10.42 9.82 10.37           4.12%        0.157         0.61% 9.814 8.948  7.261  6.862         0.3455        金叉延续 64.89        -27,500,000     142,020,000 125,837,672  263,902,000
2026-02-27 10.45 10.74 9.31  9.75          -5.98%        0.981         3.79% 9.792 9.025  7.310  6.891         0.2792        金叉延续 58.34         29,050,000     -27,100,000 109,899,672  277,900,000
2026-03-06  9.53  9.58 8.68  9.22          -5.44%        0.919         3.41% 9.602 9.043  7.348  6.914         0.1487        金叉延续 53.38         85,720,000    -299,562,820  58,728,000   67,499,436
2026-03-13  9.12  9.33 8.30  8.44          -8.46%        1.087         4.21% 9.214 8.986  7.369  6.929        -0.0475          死叉 47.04         34,670,000    -272,960,000  80,160,000    4,659,436
2026-03-20  8.49  9.28 8.45  8.65           2.49%        0.868         3.16% 9.026 8.954  7.395  6.946        -0.1481        死叉延续 48.80        196,364,620    -129,308,220  63,660,924 -117,382,208
2026-03-27  8.49  9.18 7.84  9.14           5.66%        1.414         6.50% 9.064 8.972  7.429  6.968        -0.1474        死叉延续 52.75        251,852,780    -103,230,000 119,531,480 -166,432,208
2026-04-03  8.91  9.73 8.82  9.56           4.60%        0.862         3.71% 9.229 9.028  7.472  6.994        -0.0918        死叉延续 55.90        197,187,400     589,080,000 128,723,480  296,023,948
2026-04-10  9.73  9.79 8.96  9.11          -4.71%        0.526         1.82% 9.190 9.035  7.504  7.015        -0.1156        死叉延续 51.91        -10,457,080      90,060,000 133,923,544   34,728,356
2026-04-17  9.05  9.40 8.66  8.81          -3.29%        0.952         3.23% 9.063 9.014  7.530  7.033        -0.1685        死叉延续 49.38        -22,260,000     352,260,000 122,537,544  159,772,356
2026-04-24  8.90  8.93 8.53  8.83           0.23%        0.991         3.36% 8.985 8.996  7.556  7.051        -0.1957        死叉延续 49.56         -6,920,000      65,330,000  81,880,620  198,700,000
2026-05-01  8.85  8.92 8.05  8.26          -6.46%        0.918         2.98% 8.744 8.926  7.570  7.063        -0.2801        死叉延续 44.77         49,750,000    -240,330,000 140,877,480  239,569,948
2026-05-08  8.32  8.43 7.93  8.05          -2.54%        0.854         2.57% 8.512 8.843  7.579  7.073        -0.3494        死叉延续 43.12        106,930,000    -309,754,760  23,408,584   -8,486,952
2026-05-15  7.96  8.14 7.49  7.63          -5.22%        1.137         3.69% 8.218 8.727  7.580  7.078        -0.4317        死叉延续 39.95         22,929,660    -207,810,000  30,085,932  -68,060,952
2026-05-22  7.63  7.72 7.13  7.54          -1.18%        0.996         3.23% 7.992 8.614  7.579  7.083        -0.4746        死叉延续 39.28        100,188,700    -363,890,840  54,575,672 -211,291,120
2026-05-29  7.62  7.62 6.49  7.35          -2.52%        1.475         6.27% 7.778 8.494  7.575  7.085        -0.5022        死叉延续 37.84        136,220,000    -155,810,000  83,203,672 -255,519,120
2026-06-05  7.53  7.73 6.97  7.09          -3.54%        1.120         5.06% 7.549 8.360  7.565  7.085        -0.5267        死叉延续 35.90       -148,690,000     -74,150,000  43,515,672 -222,283,120
2026-06-12  6.91  7.21 6.77  7.09           0.00%        0.942         4.15% 7.396 8.239  7.556  7.085        -0.5135        死叉延续 35.90       -109,230,000     359,020,000     283,672  -88,528,168
2026-06-19  7.18  7.42 6.60  6.74          -4.94%        0.609         2.24% 7.177 8.096  7.540  7.082        -0.5209        死叉延续 33.25         33,290,000    -112,130,000 133,303,480  141,314,000
2026-06-26  6.74  6.93 6.38  6.69          -0.74%        0.984         3.58% 7.015 7.962  7.523  7.078        -0.5013        死叉延续 32.87        229,120,000     185,541,160  28,142,000   40,494,232
2026-07-03  6.75  8.08 6.65  8.00          19.58%        1.297         5.54% 7.343 7.966  7.532  7.087        -0.2912        死叉延续 49.05        177,580,000     640,740,000  36,414,000  199,804,232
2026-07-10  8.01  8.58 7.64  8.11           1.37%        1.150         5.33% 7.599 7.980  7.544  7.097        -0.1250        死叉延续 50.14        193,490,000     280,230,000 104,850,000  270,680,232
2026-07-17  8.11  8.72 7.90  8.10          -0.12%        1.151         5.77% 7.766 7.991  7.555  7.107        -0.0103        死叉延续 50.03        184,338,320     858,065,680 163,563,664  370,489,368
2026-07-24  8.18  8.86 8.12  8.55           5.56%        0.734         3.25% 8.027 8.044  7.574  7.122         0.1250          金叉 54.62        123,049,840     416,746,640 181,515,632  476,264,696
2026-07-31  8.42  8.82 8.28  8.58           0.35%        0.811         3.27% 8.211 8.095  7.594  7.136         0.2122        金叉延续 54.91        108,581,680      93,361,020 157,407,968  457,828,668
2026-08-07  8.52  8.76 8.21  8.69           1.28%        0.755         2.72% 8.371 8.152  7.616  7.152         0.2744        金叉延续 56.05         86,164,800     137,170,670 139,124,928  357,114,802
2026-08-14  8.94  9.22 8.52  8.69           0.00%        0.899         3.08% 8.477 8.203  7.637  7.167         0.3030        金叉延续 56.05         61,056,140      78,060,410 112,638,156  316,680,884
2026-08-21  8.78 10.17 8.61  9.19           5.75%        1.474         6.62% 8.715 8.297  7.668  7.187         0.3722        金叉延续 61.20        499,181,710    -329,912,340 175,606,834   79,085,280
2026-08-28  9.50  9.98 9.16  9.53           3.70%        1.163         5.69% 8.987 8.415  7.705  7.211         0.4419        金叉延续 64.27        -95,211,370    -399,632,870  74,933,206   28,953,426

--------------------------------------------------------------------------------
生成时间: 2026-08-28 17:48:23
