问题: 对北控水务 (00371)近日走势进行复盘分析，复盘区间：2026年07月23日 – 2026年09月02日

      date close  ema5 ema20 ema100 ema200 volume_ratio5 macd_histogram macd_status turnover_rate institutional_flow individual_flow    inst_5ma    ind_5ma
2026-07-23  2.39 2.408 2.378  2.512  2.500         3.309         0.0490      Golden          0.48          5,874,320     -16,592,080   1,027,928  1,529,236
2026-07-24  2.35 2.388 2.375  2.509  2.499         0.902         0.0363      Golden          0.20          7,745,760     -14,334,700   3,090,752 -2,291,868
2026-07-27  2.35 2.376 2.373  2.506  2.497         0.600         0.0270      Golden          0.13         -2,113,320         827,920   3,002,796 -5,493,220
2026-07-28  2.40 2.384 2.375  2.504  2.496         0.496         0.0266      Golden          0.10           -199,800      10,075,660   2,402,332 -3,082,996
2026-07-29  2.38 2.382 2.376  2.501  2.495         0.996         0.0228      Golden          0.20         -4,942,640       8,364,880   1,272,864 -2,331,664
2026-07-30  2.37 2.378 2.375  2.499  2.494         0.961         0.0182      Golden          0.21         -3,163,980      13,063,580    -534,796  3,599,468
2026-07-31  2.31 2.356 2.369  2.495  2.492         1.473         0.0071      Golden          0.25         -1,031,820       6,884,460  -2,290,312  7,843,300
2026-08-03  2.29 2.334 2.362  2.491  2.490         0.874        -0.0025       Death          0.16         -1,043,750       8,492,630  -2,076,398  9,376,242
2026-08-04  2.29 2.319 2.355  2.487  2.488         0.987        -0.0081       Death          0.18         -3,175,690      11,806,150  -2,671,576  9,722,340
2026-08-05  2.28 2.306 2.348  2.483  2.486         0.839        -0.0122       Death          0.17         -3,069,990      10,081,250  -2,297,046 10,065,614
2026-08-06  2.26 2.291 2.339  2.478  2.484         0.917        -0.0163       Death          0.18         -3,809,890       6,816,790  -2,426,228  8,816,256
2026-08-07  2.24 2.274 2.330  2.474  2.481         0.742        -0.0202       Death          0.14           -477,180       2,778,720  -2,315,300  7,995,108
2026-08-10  2.26 2.269 2.323  2.469  2.479         0.679        -0.0186       Death          0.11          5,466,640       7,484,760  -1,013,222  7,793,534
2026-08-11  2.27 2.269 2.318  2.465  2.477         0.357        -0.0149       Death          0.06         -1,374,080       5,006,900    -652,900  6,433,684
2026-08-12  2.26 2.266 2.313  2.461  2.475         0.508        -0.0126       Death          0.07                          4,271,140     -38,902  5,271,662
2026-08-13  2.24 2.258 2.306  2.457  2.473         1.091        -0.0125       Death          0.12           -816,220       2,217,270     559,832  4,351,758
2026-08-14  2.24 2.252 2.299  2.453  2.470         1.440        -0.0112       Death          0.14         -1,394,530      -2,907,040     376,362  3,214,606
2026-08-17  2.24 2.248 2.294  2.448  2.468         0.717        -0.0092       Death          0.07                          6,408,710    -716,966  2,999,396
2026-08-18  2.24 2.245 2.289  2.444  2.466         0.457        -0.0069       Death          0.04            985,600       1,564,060    -245,030  2,310,828
2026-08-19  2.24 2.243 2.284  2.440  2.463         1.361        -0.0045       Death          0.12          1,241,120      -6,487,770       3,194    159,046
2026-08-20  2.24 2.242 2.280  2.436  2.461         1.908        -0.0021       Death          0.19          2,387,470      -1,387,890     643,932   -561,986
2026-08-21  2.19 2.225 2.271  2.431  2.458         3.092        -0.0062       Death          0.35         -3,884,430      -9,680,810     145,952 -1,916,740
2026-08-24  2.04 2.163 2.249  2.424  2.454         4.388        -0.0270       Death          0.67          6,885,760      -8,064,260   1,523,104 -4,811,334
2026-08-25  2.05 2.125 2.230  2.416  2.450         1.758        -0.0366       Death          0.48            239,470     -11,985,520   1,373,878 -7,521,250
2026-08-26  1.69 1.980 2.179  2.402  2.443         9.461        -0.0859       Death          3.42       -107,682,860      -5,419,940 -20,410,918 -7,307,684
2026-08-27  1.74 1.900 2.137  2.389  2.436         1.018        -0.1049       Death          1.04         10,456,200      31,911,630 -18,797,172   -647,780
2026-08-28  1.72 1.840 2.097  2.376  2.429         0.308        -0.1126       Death          0.37          1,237,640      10,474,690 -17,772,758  3,383,320
2026-08-31  1.67 1.783 2.057  2.362  2.421         0.430        -0.1165       Death          0.52          2,907,700       2,533,060 -18,568,370  5,502,784
2026-09-01  1.71 1.759 2.024  2.349  2.414         0.361        -0.1059       Death          0.42         -4,682,390      19,219,680 -19,552,742 11,743,824
2026-09-02  1.69 1.736 1.992  2.336  2.407         0.147        -0.0943       Death          0.17         -2,107,470       7,589,510   1,562,336 14,345,714

--------------------------------------------------------------------------------
生成时间: 2026-09-02 17:20:17
