问题: 对中生制药 (01177)进行周度走势复盘分析，复盘区间：2026年02月06日 – 2026年08月28日（共30周）

      date open high  low close week_change_pct volume_ratio turnover_rate  ema5 ema20 ema100 ema200 macd_histogram macd_status rsi14 institutional_flow individual_flow    inst_5ma      ind_5ma
2026-02-06 6.59 6.59 6.10  6.43          -2.43%        1.012         1.83% 6.570 6.737  5.183  4.734        -0.2863        死叉延续 46.90         41,148,020     103,450,000 -45,003,048   99,448,728
2026-02-13 6.47 6.92 6.38  6.47           0.62%        0.739         1.19% 6.536 6.711  5.209  4.751        -0.2636        死叉延续 47.53         40,260,000      37,450,000 -20,109,048   83,506,728
2026-02-20 6.48 6.65 6.37  6.60           2.01%        0.138         0.15% 6.558 6.701  5.236  4.770        -0.2217        死叉延续 49.60           -900,000       7,927,260 -17,329,516   69,567,452
2026-02-27 6.61 6.82 5.88  6.00          -9.09%        1.423         2.02% 6.372 6.634  5.251  4.782        -0.2626        死叉延续 41.45         55,590,000      50,060,000  17,066,484   68,395,452
2026-03-06 5.92 6.11 5.53  6.08           1.33%        1.332         2.26% 6.275 6.581  5.268  4.795        -0.2660        死叉延续 42.80         51,250,000     137,220,000  37,469,604   67,221,452
2026-03-13 5.85 6.26 5.77  5.90          -2.96%        0.970         1.62% 6.150 6.516  5.280  4.806        -0.2783        死叉延续 40.54        -75,218,690      22,250,000  14,196,262   50,981,452
2026-03-20 5.91 6.25 5.83  5.93           0.51%        0.848         1.32% 6.076 6.460  5.293  4.817        -0.2680        死叉延续 41.10         12,750,000      62,350,000   8,694,262   55,961,452
2026-03-27 5.82 5.99 5.37  5.84          -1.52%        1.090         1.77% 5.998 6.401  5.304  4.827        -0.2588        死叉延续 39.88        127,167,560      95,350,000  34,307,774   73,446,000
2026-04-03 5.74 6.40 5.61  6.28           7.53%        1.379         2.77% 6.092 6.390  5.323  4.842        -0.1826        死叉延续 47.96        276,780,000     398,426,810  88,867,798  119,485,362
2026-04-10 6.51 6.53 5.84  5.87          -6.53%        0.824         1.53% 6.018 6.340  5.334  4.852        -0.1764        死叉延续 42.26         29,520,000       3,620,000  74,199,774  116,399,362
2026-04-17 5.85 6.16 5.61  5.95           1.36%        1.114         2.19% 5.995 6.303  5.346  4.863        -0.1515        死叉延续 43.67        161,070,000     203,820,000 121,457,512  152,713,362
2026-04-24 5.95 6.00 5.42  5.63          -5.38%        0.957         1.85% 5.873 6.239  5.352  4.870        -0.1669        死叉延续 39.52         26,499,500     269,410,000 124,207,412  194,125,362
2026-05-01 5.63 5.65 5.34  5.37          -4.62%        0.832         1.47% 5.706 6.156  5.352  4.875        -0.1987        死叉延续 36.49        153,590,000    -135,144,320 120,623,594   96,578,498
2026-05-08 5.37 5.46 5.27  5.38           0.19%        0.851         1.40% 5.597 6.082  5.353  4.880        -0.2041        死叉延续 36.69         91,944,010      31,650,000  92,524,702   74,671,136
2026-05-15 5.38 5.78 5.29  5.34          -0.74%        1.238         2.32% 5.511 6.012  5.353  4.885        -0.1988        死叉延续 36.20        145,160,000     248,490,000 115,652,702  123,645,136
2026-05-22 5.30 5.38 5.08  5.17          -3.18%        0.949         1.74% 5.398 5.931  5.349  4.888        -0.2030        死叉延续 34.10          2,290,000    -126,212,760  83,896,702   57,638,584
2026-05-29 5.17 5.17 4.72  4.94          -4.45%        1.182         2.38% 5.245 5.837  5.341  4.888        -0.2203        死叉延续 31.44        168,214,310    -411,420,000 112,239,664  -78,527,416
2026-06-05 5.06 5.12 4.55  4.61          -6.68%        1.114         2.36% 5.033 5.720  5.326  4.886        -0.2570        死叉延续 28.06         88,030,000    -211,250,000  99,127,664  -93,748,552
2026-06-12 4.52 4.71 4.34  4.65           0.87%        1.101         2.46% 4.906 5.618  5.313  4.883        -0.2562        死叉延续 29.05        160,080,000       5,630,000 112,754,862  -98,952,552
2026-06-19 4.75 4.84 4.45  4.53          -2.58%        0.844         1.77% 4.780 5.515  5.297  4.880        -0.2519        死叉延续 27.81         65,270,000      -3,990,130 113,791,594   50,436,472
2026-06-26 4.53 4.59 4.19  4.26          -5.96%        1.152         2.60% 4.607 5.395  5.277  4.873        -0.2640        死叉延续 25.19         46,231,680       1,120,000 105,565,198 -123,982,026
2026-07-03 4.26 4.89 4.19  4.74          11.27%        1.074         2.52% 4.651 5.333  5.266  4.872        -0.1895        死叉延续 36.60         59,890,000     365,500,000  83,900,336   31,401,974
2026-07-10 4.80 5.35 4.70  5.19           9.49%        1.478         4.54% 4.831 5.319  5.265  4.875        -0.0680        死叉延续 45.06         72,000,000     530,090,000  80,694,336  179,669,974
2026-07-17 5.20 5.47 4.86  4.98          -4.05%        1.169         3.93% 4.881 5.287  5.259  4.876        -0.0076        死叉延续 42.23         64,962,780     327,264,670  61,670,892  243,996,908
2026-07-24 5.05 5.36 4.98  5.15           3.41%        0.751         2.25% 4.970 5.274  5.257  4.879         0.0600          金叉 45.23         99,296,040     238,629,570  68,476,100  292,520,848
2026-07-31 5.17 5.28 4.94  5.03          -2.33%        0.635         1.60% 4.990 5.251  5.252  4.881         0.0913        金叉延续 43.51        -47,125,600     -33,459,420  49,804,644  285,604,964
2026-08-07 5.06 5.12 4.82  5.10           1.39%        0.763         1.72% 5.027 5.236  5.249  4.883         0.1223        金叉延续 44.83         57,516,085     -34,533,330  49,329,861  205,598,298
2026-08-14 5.20 5.30 4.75  4.78          -6.27%        0.851         1.78% 4.945 5.193  5.240  4.882         0.1015        金叉延续 40.21         52,821,570     -42,552,770  45,494,175   91,069,744
2026-08-21 4.78 5.80 4.73  5.60          17.15%        1.374         3.56% 5.163 5.232  5.247  4.889         0.1945        金叉延续 53.44        147,013,530      92,839,185  61,904,325   44,184,647
2026-08-28 5.60 5.92 5.48  5.60           0.00%        0.990         2.54% 5.309 5.267  5.254  4.896         0.2489        金叉延续 53.44        -60,185,395     -11,991,405  94,526,921   34,572,191

--------------------------------------------------------------------------------
生成时间: 2026-08-28 17:48:23
