请作为一家国际资产管理公司(QS财富方舟)的AI投资委员会，对以下港股 02611_国泰海通进行机构级每日复盘，2026-08-06。

请作为一家国际资产管理公司(QS财富方舟)的AI投资委员会，对以下港股进行机构级复盘。

【一、事件复盘】
- 今天发生了什么？
- 哪些事件真正影响股价？
- 哪些只是市场噪音？

【二、公司基本面】
- 今天的信息是否改变公司的长期价值？
- 是否影响竞争优势、盈利能力、现金流或行业地位？

【三、资金行为】
- 南向资金、机构、散户、量化、做空资金分别在做什么？
- 是否存在资金分歧？

【四、技术结构】
- 趋势是否发生变化？
- 哪些信号有效？哪些属于噪音？
- 支撑位、压力位、成交量结构是否确认趋势？

【五、估值分析】
- 当前估值相对于历史、同行和成长性是否合理？
- 市场是在交易预期还是交易现实？
- 估值逻辑是否发生变化？

【六、风险分析】
- 如果你是做空机构，你会攻击哪些点？
- 哪些风险已被市场充分定价？哪些仍可能被低估？

【七、情景推演】
请分别构建乐观、基准、悲观三个剧本，并说明：
- 触发条件
- 概率
- 关键验证指标
- 应对策略

【八、投资委员会总结】
请分别给出：
- 长线价值投资者观点
- 中线趋势投资者观点
- 短线交易者观点

最后输出：
1. 综合评分（100分）
2. 基本面评分
3. 资金面评分
4. 技术面评分
5. 风险评分
6. 当前所处阶段（底部 / 吸筹 / 突破 / 主升 / 高潮 / 派发 / 调整 / 熊市）
7. 建议（买入、增持、持有、减持、观望）
8. 未来一周、一个月、一个季度需要重点跟踪的指标和事件。


================================================================================
【日度走势数据】
================================================================================

问题: 对国泰海通 (02611)近日走势进行复盘分析，复盘区间：2026年06月24日 – 2026年08月05日

      date close   ema5  ema20 ema100 ema200 volume_ratio5 macd_histogram macd_status turnover_rate institutional_flow individual_flow   inst_5ma    ind_5ma
2026-06-24 14.66 14.909 14.425 14.352 14.324         0.704         0.1238      Golden          0.35         31,030,000      -2,650,000 14,970,000 24,548,000
2026-06-25 14.81 14.876 14.461 14.361 14.329         1.102         0.0683      Golden          0.55          9,000,000      35,080,000 13,216,000 34,750,000
2026-06-26 14.31 14.687 14.447 14.360 14.329         1.047        -0.0401       Death          0.59           -580,000     -20,840,000 12,154,000 30,396,000
2026-06-29 14.53 14.635 14.455 14.363 14.331         0.537        -0.0840       Death          0.30          8,620,200      10,320,000  4,418,040 10,758,000
2026-06-30 14.85 14.707 14.493 14.373 14.336         0.962        -0.0721       Death          0.44          8,870,000       5,010,000 11,388,040  5,384,000
2026-07-02 14.88 14.764 14.529 14.383 14.342         0.989        -0.0629       Death          0.44          7,143,240       2,588,900  6,610,688  6,431,780
2026-07-03 15.25 14.926 14.598 14.400 14.351         0.593        -0.0122       Death          0.28          8,620,740      16,750,000  6,534,836  2,765,780
2026-07-06 15.41 15.088 14.675 14.420 14.361         1.648         0.0351      Golden          0.68         -4,440,000      19,370,000  5,762,836 10,807,780
2026-07-07 14.91 15.028 14.698 14.430 14.367         1.158        -0.0066       Death          0.50          8,860,000      -2,499,030  5,810,796  8,243,974
2026-07-08 14.94 14.999 14.721 14.440 14.372         0.627        -0.0343       Death          0.29         10,240,000      11,830,000  6,084,796  9,607,974
2026-07-09 14.95 14.983 14.743 14.450 14.378         0.699        -0.0541       Death          0.30         15,390,000      -2,580,000  7,734,148  8,574,194
2026-07-10 14.64 14.868 14.733 14.454 14.381         0.816        -0.1087       Death          0.33          6,340,000      -8,830,000  7,278,000  3,458,194
2026-07-13 14.70 14.812 14.730 14.459 14.384         0.841        -0.1348       Death          0.35           -370,000     -16,560,000  8,092,000 -3,727,806
2026-07-14 14.58 14.735 14.715 14.461 14.386         0.926        -0.1643       Death          0.33          5,370,000      -8,960,000  7,394,000 -5,020,000
2026-07-15 15.14 14.870 14.756 14.474 14.393         1.335        -0.1072       Death          0.43         18,963,422      24,193,802  9,138,684 -2,547,240
2026-07-16 15.03 14.923 14.782 14.485 14.400         0.708        -0.0841       Death          0.25          6,165,510      19,402,286  7,293,786  1,849,218
2026-07-17 14.87 14.906 14.790 14.493 14.404         1.253        -0.0898       Death          0.43          3,016,916      38,416,210  6,629,170 11,298,460
2026-07-20 14.77 14.860 14.788 14.498 14.408         1.214        -0.1053       Death          0.43         17,944,812        -745,390 10,292,132 14,461,382
2026-07-21 15.17 14.964 14.825 14.512 14.416         0.702        -0.0620       Death          0.26         10,703,210       7,463,178 11,358,774 17,746,017
2026-07-22 15.00 14.976 14.841 14.521 14.421         0.768        -0.0569       Death          0.28          7,369,086      29,108,396  9,039,907 18,728,936
2026-07-23 15.28 15.077 14.883 14.536 14.430         1.034        -0.0183       Death          0.34         27,050,556      53,879,958 13,216,916 25,624,470
2026-07-24 15.24 15.131 14.917 14.550 14.438         0.768        -0.0016       Death          0.27         -1,933,898      37,262,010 12,226,753 25,393,630
2026-07-27 15.13 15.131 14.937 14.562 14.445         0.448        -0.0084       Death          0.14         -2,393,570       2,038,770  8,159,077 25,950,462
2026-07-28 14.79 15.017 14.923 14.566 14.448         1.123        -0.0590       Death          0.29         -6,496,840       8,443,404  4,719,067 26,146,508
2026-07-29 15.10 15.045 14.940 14.577 14.455         0.608        -0.0512       Death          0.16         -5,198,290      -9,376,816  2,205,592 18,449,465
2026-07-30 15.08 15.057 14.954 14.587 14.461         0.781        -0.0492       Death          0.19         -2,845,142      -5,024,290 -3,773,548  6,668,616
2026-07-31 14.93 15.014 14.951 14.594 14.466         0.822        -0.0675       Death          0.17          5,807,656      -6,656,474 -2,225,237 -2,115,081
2026-08-03 14.72 14.916 14.929 14.596 14.468         1.273        -0.1050       Death          0.24         -8,036,608       9,707,200 -3,353,845   -581,395
2026-08-04 14.54 14.791 14.892 14.595 14.469         0.888        -0.1485       Death          0.19         -1,314,646      -3,469,552 -2,317,406 -2,963,986
2026-08-05 14.63 14.737 14.867 14.596 14.470         1.613        -0.1588       Death          0.31         13,963,676     -34,742,968  1,514,987 -8,037,217

--------------------------------------------------------------------------------
生成时间: 2026-08-05 17:36:58


================================================================================
【周度走势数据】
================================================================================

问题: 对国泰海通 (02611)进行周度走势复盘分析，复盘区间：2026年01月02日 – 2026年07月24日（共30周）

      date  open  high   low close week_change_pct volume_ratio turnover_rate   ema5  ema20 ema100 ema200 macd_histogram macd_status rsi14 institutional_flow individual_flow    inst_5ma     ind_5ma
2026-01-02 16.60 17.02 16.04 16.40          -1.44%        0.606         0.81% 16.236 15.400 11.802 10.295        -0.0650             59.06        -11,300,000     -25,720,000  12,154,700  29,749,632
2026-01-09 16.40 18.13 16.20 17.19           4.82%        1.722         3.65% 16.554 15.571 11.908 10.364         0.0316             62.82         93,800,000      34,966,670  24,567,980  23,056,966
2026-01-16 17.05 18.00 16.52 16.67          -3.03%        0.981         2.06% 16.593 15.675 12.003 10.426         0.0094             58.98        -46,621,430     -26,748,050   2,676,872 -14,129,212
2026-01-23 16.60 16.60 15.72 15.95          -4.32%        0.701         1.28% 16.379 15.701 12.081 10.481        -0.1117             54.05         26,532,120      19,659,780  12,145,090   4,856,744
2026-01-30 15.92 16.65 15.92 16.22           1.69%        0.924         1.61% 16.326 15.751 12.163 10.538        -0.1618             55.55         18,410,000      15,712,640  16,164,138   3,574,208
2026-02-06 16.14 17.48 16.00 17.01           4.87%        1.087         2.00% 16.554 15.871 12.259 10.603        -0.0979             59.69         82,450,000      89,680,000  34,914,138  26,654,208
2026-02-13 17.07 17.80 16.99 17.15           0.82%        0.637         0.99% 16.753 15.993 12.356 10.668        -0.0489             60.40        -11,105,940      15,491,240  13,932,950  22,759,122
2026-02-20 17.38 17.44 16.70 17.21           0.35%        0.084         0.09% 16.905 16.108 12.452 10.733        -0.0217             60.72         -1,804,880      -7,283,710  22,896,260  26,651,990
2026-02-27 17.18 17.68 15.32 15.54          -9.70%        1.343         1.73% 16.450 16.054 12.513 10.781        -0.2304             48.96        -32,780,000     -94,540,440  11,033,836   3,811,946
2026-03-06 15.35 15.38 14.16 14.62          -5.92%        1.041         1.38% 15.840 15.918 12.555 10.819        -0.4798             43.92         -1,580,000      40,996,680   7,035,836   8,868,754
2026-03-13 14.40 14.55 13.57 13.70          -6.29%        1.459         2.49% 15.127 15.707 12.577 10.848        -0.7405             39.53          3,945,670     -93,824,930  -8,665,030 -27,832,232
2026-03-20 13.65 14.58 13.55 13.87           1.24%        0.789         1.21% 14.708 15.532 12.603 10.878        -0.8538             40.71          8,263,560      20,852,110  -4,791,130 -26,760,058
2026-03-27 13.70 13.80 13.00 13.22          -4.69%        1.060         1.69% 14.212 15.311 12.615 10.901        -0.9716             37.68        -11,400,000     -66,000,000  -6,710,154 -38,503,316
2026-04-03 13.15 13.40 12.81 13.25           0.23%        0.752         1.06% 13.891 15.115 12.628 10.925        -0.9969             37.91         11,235,250     -36,980,000 -17,096,208   4,327,490
2026-04-10 13.45 14.34 13.28 13.88           4.75%        0.827         1.08% 13.887 14.998 12.653 10.954        -0.8841             42.68         50,991,160     -10,100,000  12,607,128 -37,210,564
2026-04-17 13.88 14.58 13.68 14.13           1.80%        0.808         0.94% 13.968 14.915 12.682 10.986        -0.7371             44.50         36,410,780      48,850,000  19,100,150  -8,675,578
2026-04-24 14.34 14.37 13.08 13.29          -5.94%        0.986         1.15% 13.742 14.760 12.694 11.008        -0.7139             39.91         27,213,980     -34,712,940  22,890,234 -19,788,588
2026-05-01 13.15 13.44 12.80 13.01          -2.11%        1.092         1.34% 13.498 14.593 12.700 11.028        -0.6963             38.49        -13,440,000       6,503,500 -18,946,838   6,151,764
2026-05-08 13.01 13.74 12.91 13.45           3.38%        0.745         0.82% 13.482 14.485 12.715 11.052        -0.5898             41.99         -7,637,670       6,230,080  18,707,650   3,354,128
2026-05-15 13.44 13.82 13.05 13.31          -1.04%        1.302         1.68% 13.425 14.373 12.727 11.075        -0.5057             41.19        -69,237,650     -45,530,610  -5,338,112  -3,731,994
2026-05-22 13.31 13.85 13.05 13.08          -1.73%        1.027         1.34% 13.310 14.250 12.734 11.095        -0.4504             39.84        -26,410,000     -13,286,490 -17,902,268 -16,159,292
2026-05-29 13.09 13.53 12.73 13.06          -0.15%        1.331         2.09% 13.227 14.136 12.740 11.114        -0.3883             39.72           -294,300     -84,945,630 -23,403,924 -26,205,830
2026-06-05 13.15 14.63 12.76 13.84           5.97%        1.287         2.35% 13.431 14.108 12.762 11.142        -0.2222             46.58         53,140,000     163,067,390 -10,087,924   5,106,948
2026-06-12 13.84 14.88 13.66 14.61           5.56%        1.112         2.16% 13.824 14.156 12.799 11.176        -0.0003             52.35         59,796,660      73,460,000   3,398,942  18,552,932
2026-06-19 14.90 15.41 14.54 14.69           0.55%        0.886         1.62% 14.113 14.207 12.836 11.211         0.1568             52.92         82,660,000     -26,240,000   6,500,002  -9,374,236
2026-06-26 14.52 15.76 14.05 14.31          -2.59%        1.303         2.81% 14.178 14.217 12.865 11.242         0.2061             49.87         60,770,000     151,980,000  51,214,472  55,464,352
2026-07-03 14.22 15.39 14.21 15.25           6.57%        0.757         1.46% 14.536 14.315 12.912 11.282         0.3531             56.54         33,254,180      34,668,900  57,924,168  79,387,258
2026-07-10 16.21 16.30 14.58 14.64          -4.00%        1.058         2.10% 14.570 14.346 12.947 11.315         0.3550             51.73         36,390,000      17,290,970  54,574,168  50,231,974
2026-07-17 14.74 15.30 14.15 14.87           1.57%        0.931         1.79% 14.670 14.396 12.985 11.351         0.3724             53.34         33,145,848      56,492,298  49,244,006  46,838,434
2026-07-24 15.03 15.50 14.70 15.24           2.49%        0.875         1.58% 14.860 14.476 13.029 11.389         0.4155             55.89         61,133,766     126,968,152  27,980,755  18,475,394

--------------------------------------------------------------------------------
生成时间: 2026-07-27 15:17:50


--------------------------------------------------------------------------------
合并生成时间: 2026-08-06 16:25:22
