请作为一家国际资产管理公司(QS财富方舟)的AI投资委员会，对以下港股 03800_协鑫科技进行机构级每日复盘，2026-08-06。

请作为一家国际资产管理公司(QS财富方舟)的AI投资委员会，对以下港股进行机构级复盘。

【一、事件复盘】
- 今天发生了什么？
- 哪些事件真正影响股价？
- 哪些只是市场噪音？

【二、公司基本面】
- 今天的信息是否改变公司的长期价值？
- 是否影响竞争优势、盈利能力、现金流或行业地位？

【三、资金行为】
- 南向资金、机构、散户、量化、做空资金分别在做什么？
- 是否存在资金分歧？

【四、技术结构】
- 趋势是否发生变化？
- 哪些信号有效？哪些属于噪音？
- 支撑位、压力位、成交量结构是否确认趋势？

【五、估值分析】
- 当前估值相对于历史、同行和成长性是否合理？
- 市场是在交易预期还是交易现实？
- 估值逻辑是否发生变化？

【六、风险分析】
- 如果你是做空机构，你会攻击哪些点？
- 哪些风险已被市场充分定价？哪些仍可能被低估？

【七、情景推演】
请分别构建乐观、基准、悲观三个剧本，并说明：
- 触发条件
- 概率
- 关键验证指标
- 应对策略

【八、投资委员会总结】
请分别给出：
- 长线价值投资者观点
- 中线趋势投资者观点
- 短线交易者观点

最后输出：
1. 综合评分（100分）
2. 基本面评分
3. 资金面评分
4. 技术面评分
5. 风险评分
6. 当前所处阶段（底部 / 吸筹 / 突破 / 主升 / 高潮 / 派发 / 调整 / 熊市）
7. 建议（买入、增持、持有、减持、观望）
8. 未来一周、一个月、一个季度需要重点跟踪的指标和事件。


================================================================================
【日度走势数据】
================================================================================

问题: 对协鑫科技 (03800)近日走势进行复盘分析，复盘区间：2026年06月24日 – 2026年08月05日

      date close  ema5 ema20 ema100 ema200 volume_ratio5 macd_histogram macd_status turnover_rate institutional_flow individual_flow   inst_5ma     ind_5ma
2026-06-24  0.67 0.693 0.750  0.925  1.014         1.236        -0.0055       Death          1.17         83,640,000     -25,190,000 20,988,462 -16,202,000
2026-06-25  0.72 0.702 0.747  0.921  1.012         0.966         0.0009      Golden          1.06         90,630,000      36,300,000 38,606,462  -6,522,000
2026-06-26  0.68 0.695 0.741  0.917  1.008         1.248         0.0005      Golden          1.46         29,650,000       8,289,900 46,722,462      59,980
2026-06-29  0.68 0.690 0.735  0.912  1.005         0.791         0.0011      Golden          1.00         20,880,000       1,310,000 53,180,000  -3,552,020
2026-06-30  0.69 0.690 0.731  0.907  1.002         0.831         0.0035      Golden          0.95         24,450,000     -28,600,000 49,850,000  -1,578,020
2026-07-02  0.69 0.690 0.727  0.903  0.999         0.629         0.0056      Golden          0.71        -15,820,000     -24,690,000 29,958,000  -1,478,020
2026-07-03  0.68 0.687 0.722  0.899  0.996         0.401         0.0061      Golden          0.42        -12,890,000      16,100,000  9,254,000  -5,518,020
2026-07-06  0.67 0.681 0.717  0.894  0.992         0.416         0.0056      Golden          0.38         -5,450,000        -980,000  2,234,000  -7,372,000
2026-07-07  0.65 0.671 0.711  0.889  0.989         0.647         0.0032      Golden          0.45        -10,370,000      -7,930,000 -4,016,000  -9,220,000
2026-07-08  0.62 0.654 0.702  0.884  0.985         3.182        -0.0016       Death          1.86         25,730,000     -14,450,000 -3,760,000  -6,390,000
2026-07-09  0.62 0.643 0.694  0.879  0.982         0.548        -0.0037       Death          0.42           -340,000      -4,370,280   -664,000  -2,326,056
2026-07-10  0.64 0.642 0.689  0.874  0.978         1.065        -0.0016       Death          0.75         18,760,000      40,270,000  5,666,000   2,507,944
2026-07-13  0.63 0.638 0.684  0.869  0.975         0.997        -0.0006       Death          0.77         25,680,000     -10,790,000 11,892,000     545,944
2026-07-14  0.59 0.622 0.675  0.864  0.971         2.007        -0.0044       Death          1.71         -5,570,000      13,390,000 12,852,000   4,809,944
2026-07-15  0.60 0.615 0.668  0.858  0.967         0.750        -0.0044       Death          0.83         19,322,140      13,917,720 11,570,428  10,483,488
2026-07-16  0.61 0.613 0.662  0.854  0.964         0.847        -0.0022       Death          0.76         -4,778,400      12,876,650 10,682,748  13,932,874
2026-07-17  0.60 0.609 0.656  0.849  0.960         0.441        -0.0011       Death          0.43        -10,320,800     -23,526,170  4,866,588   1,173,640
2026-07-20  0.58 0.599 0.649  0.843  0.956         0.831        -0.0022       Death          0.75         -5,091,340      18,233,570 -1,287,680   6,978,354
2026-07-21  0.59 0.596 0.643  0.838  0.953         1.472        -0.0007       Death          1.32         18,635,720      -3,676,200  3,553,464   3,565,114
2026-07-22  0.61 0.601 0.640  0.834  0.949         0.888         0.0037      Golden          0.72         32,275,240      46,494,840  6,144,084  10,080,538
2026-07-23  0.63 0.610 0.639  0.830  0.946         0.967         0.0096      Golden          0.77         40,692,460      18,756,250 15,238,256  11,256,458
2026-07-24  0.60 0.607 0.635  0.825  0.943         0.453         0.0097      Golden          0.36        -19,990,960     -13,576,100 13,304,224  13,246,472
2026-07-27  0.60 0.605 0.632  0.821  0.939         0.513         0.0100      Golden          0.40          2,765,400       7,831,430 14,875,572  11,166,044
2026-07-28  0.59 0.600 0.628  0.816  0.936         0.568         0.0091      Golden          0.41        -10,978,780         -47,890  8,952,672  11,891,706
2026-07-29  0.61 0.603 0.626  0.812  0.932         1.162         0.0113      Golden          0.62         28,408,170      14,312,470  8,179,258   5,455,232
2026-07-30  0.62 0.609 0.626  0.808  0.929         1.027         0.0141      Golden          0.52          7,348,740      14,807,480  1,510,514   4,665,478
2026-07-31  0.61 0.609 0.624  0.804  0.926         1.047         0.0144      Golden          0.48         -2,648,640      16,486,500  4,978,978  10,677,998
2026-08-03  0.68 0.633 0.630  0.802  0.924         3.853         0.0235      Golden          1.88         49,396,295      90,363,215 14,305,157  27,184,355
2026-08-04  0.69 0.652 0.635  0.800  0.921         1.210         0.0297      Golden          0.95         26,138,815      18,653,740 21,728,676  30,924,681
2026-08-05  0.70 0.668 0.641  0.798  0.919         0.977         0.0338      Golden          0.87         31,894,985     -17,384,855 22,426,039  24,585,216

--------------------------------------------------------------------------------
生成时间: 2026-08-05 17:36:58


================================================================================
【周度走势数据】
================================================================================

问题: 对协鑫科技 (03800)进行周度走势复盘分析，复盘区间：2026年01月02日 – 2026年07月24日（共30周）

      date open high  low close week_change_pct volume_ratio turnover_rate  ema5 ema20 ema100 ema200 macd_histogram macd_status rsi14 institutional_flow individual_flow    inst_5ma     ind_5ma
2026-01-02 1.10 1.13 1.05  1.11           1.83%        0.798         3.63% 1.119 1.184  1.233  1.321        -0.0656             45.67         39,200,000     -60,210,000  51,110,034 -77,176,070
2026-01-09 1.09 1.19 1.02  1.05          -5.41%        1.517         9.32% 1.096 1.172  1.230  1.318        -0.0667             42.57         30,320,000       8,810,000  53,474,034 -59,462,000
2026-01-16 1.05 1.11 1.03  1.08           2.86%        0.797         4.44% 1.091 1.163  1.227  1.316        -0.0604             44.60         70,560,000    -104,143,910  39,464,244 -27,156,782
2026-01-23 1.08 1.17 1.04  1.17           8.33%        0.907         4.82% 1.117 1.164  1.225  1.315        -0.0419             50.27        176,300,000     149,640,000  82,287,722    -362,782
2026-01-30 1.20 1.21 1.07  1.08          -7.69%        1.039         5.64% 1.105 1.156  1.223  1.312        -0.0396             45.28       -118,100,000      95,400,000  39,656,000  17,899,218
2026-02-06 1.07 1.19 1.03  1.11           2.78%        1.275         8.02% 1.106 1.151  1.220  1.310        -0.0322             47.16         21,274,770     288,889,590  36,070,954  87,719,136
2026-02-13 1.17 1.22 1.16  1.20           8.11%        1.109         7.38% 1.138 1.156  1.220  1.309        -0.0142             52.45        207,300,000      76,630,000  71,466,954 101,283,136
2026-02-20 1.20 1.22 1.17  1.21           0.83%        0.116         0.53% 1.162 1.161  1.220  1.308        -0.0008             53.01         -5,520,000       8,890,000  56,250,954 123,889,918
2026-02-27 1.22 1.28 1.18  1.20          -0.83%        1.035         4.86% 1.175 1.165  1.219  1.307         0.0066             52.35        -31,555,970      36,058,630  14,679,760 101,173,644
2026-03-06 1.17 1.20 1.03  1.08         -10.00%        1.122         5.62% 1.143 1.157  1.217  1.305        -0.0043             45.02       -107,720,000     -64,590,000  16,755,760  69,175,644
2026-03-13 1.06 1.16 1.02  1.07          -0.93%        1.090         5.72% 1.119 1.148  1.214  1.302        -0.0120             44.46         50,918,910      -8,385,620  22,684,588   9,720,602
2026-03-20 1.07 1.08 0.95  0.99          -7.48%        1.044         5.58% 1.076 1.133  1.209  1.299        -0.0262             40.17       -190,820,000      96,858,930 -56,939,412  13,766,388
2026-03-27 0.96 0.97 0.88  0.90          -9.09%        1.022         5.53% 1.017 1.111  1.203  1.295        -0.0450             35.97        -92,605,470      19,410,000 -74,356,506  15,870,388
2026-04-03 0.89 0.94 0.84  0.94           4.44%        0.750         3.62% 0.991 1.095  1.198  1.292        -0.0489             39.02         44,310,000      32,260,000  40,393,722  -2,718,564
2026-04-10 0.97 1.01 0.96  0.98           4.26%        0.537         2.10% 0.988 1.084  1.194  1.289        -0.0432             42.00         13,085,370      44,630,000 -35,022,238  36,954,662
2026-04-17 0.98 1.02 0.94  0.97          -1.02%        1.140         4.80% 0.982 1.073  1.189  1.286        -0.0381             41.46        -60,622,780      51,610,000 -57,330,576  48,953,786
2026-04-24 0.97 1.03 0.96  1.00           3.09%        0.839         3.27% 0.988 1.066  1.185  1.283        -0.0284             43.82         86,200,000      -3,180,000  -1,926,576  28,946,000
2026-05-01 0.99 1.00 0.89  0.90         -10.00%        0.903         3.35% 0.959 1.050  1.180  1.279        -0.0329             38.28        -68,820,000    -188,420,000  26,547,722 -46,545,526
2026-05-08 0.91 0.94 0.87  0.91           1.11%        0.929         3.34% 0.942 1.037  1.174  1.275        -0.0319             39.11         19,588,650      -5,715,930  -2,113,752 -20,215,186
2026-05-15 0.92 0.93 0.87  0.89          -2.20%        0.912         3.13% 0.925 1.023  1.169  1.271        -0.0313             38.01        -31,390,000      -5,575,950 -11,008,826 -30,256,376
2026-05-22 0.89 0.90 0.80  0.82          -7.87%        1.024         3.57% 0.890 1.004  1.162  1.267        -0.0373             34.37        -72,626,090     -93,910,000 -13,409,488 -59,360,376
2026-05-29 0.82 0.85 0.79  0.83           1.22%        0.789         2.48% 0.870 0.987  1.155  1.263        -0.0368             35.32         25,574,600      -5,550,000 -25,534,568 -59,834,376
2026-06-05 0.83 0.84 0.72  0.73         -12.05%        1.243         4.45% 0.823 0.963  1.147  1.257        -0.0462             30.55        -47,610,000    -140,920,000 -21,292,568 -50,334,376
2026-06-12 0.71 0.79 0.68  0.73           0.00%        1.296         5.47% 0.792 0.940  1.139  1.252        -0.0484             30.55         99,012,420     126,750,000  -5,407,814 -23,841,190
2026-06-19 0.75 0.78 0.68  0.70          -4.11%        0.790         3.02% 0.761 0.918  1.130  1.246        -0.0498             29.18        -14,050,000        -130,000  12,867,722 -36,739,526
2026-06-26 0.70 0.73 0.65  0.68          -2.86%        1.344         6.25% 0.734 0.895  1.121  1.241        -0.0492             28.26        233,612,310         299,900  59,307,866  -3,910,020
2026-07-03 0.68 0.72 0.66  0.68           0.00%        0.740         3.08% 0.716 0.874  1.112  1.235        -0.0447             28.26         16,620,000     -35,880,000  57,516,946  -9,976,020
2026-07-10 0.68 0.68 0.61  0.64          -5.88%        0.947         3.86% 0.691 0.852  1.103  1.229        -0.0429             26.35         28,330,000      12,539,720  72,704,946  20,715,924
2026-07-17 0.64 0.64 0.58  0.60          -6.25%        1.065         4.50% 0.661 0.828  1.093  1.223        -0.0430             24.57         24,332,940       5,868,200  57,769,050  -3,460,436
2026-07-24 0.60 0.64 0.55  0.60           0.00%        0.951         3.92% 0.640 0.806  1.083  1.217        -0.0389             24.57         66,521,120      66,232,360  24,603,946 -17,193,528

--------------------------------------------------------------------------------
生成时间: 2026-07-27 15:17:50


--------------------------------------------------------------------------------
合并生成时间: 2026-08-06 16:25:22
