请作为一家国际资产管理公司(QS财富方舟)的AI投资委员会，对以下港股 00788_中国铁塔进行机构级每日复盘，2026-08-06。

请作为一家国际资产管理公司(QS财富方舟)的AI投资委员会，对以下港股进行机构级复盘。

【一、事件复盘】
- 今天发生了什么？
- 哪些事件真正影响股价？
- 哪些只是市场噪音？

【二、公司基本面】
- 今天的信息是否改变公司的长期价值？
- 是否影响竞争优势、盈利能力、现金流或行业地位？

【三、资金行为】
- 南向资金、机构、散户、量化、做空资金分别在做什么？
- 是否存在资金分歧？

【四、技术结构】
- 趋势是否发生变化？
- 哪些信号有效？哪些属于噪音？
- 支撑位、压力位、成交量结构是否确认趋势？

【五、估值分析】
- 当前估值相对于历史、同行和成长性是否合理？
- 市场是在交易预期还是交易现实？
- 估值逻辑是否发生变化？

【六、风险分析】
- 如果你是做空机构，你会攻击哪些点？
- 哪些风险已被市场充分定价？哪些仍可能被低估？

【七、情景推演】
请分别构建乐观、基准、悲观三个剧本，并说明：
- 触发条件
- 概率
- 关键验证指标
- 应对策略

【八、投资委员会总结】
请分别给出：
- 长线价值投资者观点
- 中线趋势投资者观点
- 短线交易者观点

最后输出：
1. 综合评分（100分）
2. 基本面评分
3. 资金面评分
4. 技术面评分
5. 风险评分
6. 当前所处阶段（底部 / 吸筹 / 突破 / 主升 / 高潮 / 派发 / 调整 / 熊市）
7. 建议（买入、增持、持有、减持、观望）
8. 未来一周、一个月、一个季度需要重点跟踪的指标和事件。


================================================================================
【日度走势数据】
================================================================================

问题: 对中国铁塔 (00788)近日走势进行复盘分析，复盘区间：2026年06月24日 – 2026年08月05日

      date close  ema5 ema20 ema100 ema200 volume_ratio5 macd_histogram macd_status turnover_rate institutional_flow individual_flow   inst_5ma     ind_5ma
2026-06-24  9.23 9.346 9.708 10.419 10.617         0.769        -0.0625       Death          0.40          2,280,000     -23,140,000  3,424,000 -15,442,000
2026-06-25  9.19 9.294 9.659 10.395 10.603         1.040        -0.0598       Death          0.56         -4,080,000     -28,540,000  3,312,000 -16,920,000
2026-06-26  8.92 9.169 9.589 10.366 10.586         1.346        -0.0847       Death          0.79            290,000      27,935,090  2,096,000 -10,592,982
2026-06-29  8.95 9.096 9.528 10.338 10.570         0.462        -0.0870       Death          0.23         13,720,000       2,333,320  2,634,000  -8,736,318
2026-06-30  8.81 9.001 9.459 10.307 10.553         1.004        -0.0967       Death          0.46         13,750,000      15,180,000  5,192,000  -1,246,318
2026-07-02  8.92 8.974 9.408 10.280 10.536         0.644        -0.0782       Death          0.31          3,065,040      14,280,000  5,349,008   6,237,682
2026-07-03  9.04 8.996 9.373 10.255 10.521         0.495        -0.0417       Death          0.23         10,025,360      21,710,000  8,170,080  16,287,682
2026-07-06  9.01 9.001 9.338 10.231 10.506         0.463        -0.0148       Death          0.19          7,220,000       7,330,000  9,556,080  12,166,664
2026-07-07  8.91 8.970 9.298 10.205 10.491         1.036        -0.0042       Death          0.29          7,110,000      20,800,990  8,234,080  15,860,198
2026-07-08  9.08 9.007 9.277 10.182 10.477         0.642         0.0300      Golden          0.19         14,610,000       9,170,000  8,406,080  14,658,198
2026-07-09  9.01 9.008 9.251 10.159 10.462         0.765         0.0466      Golden          0.19          1,642,540     -16,350,000  8,121,580   8,532,198
2026-07-10  9.17 9.062 9.244 10.139 10.449         1.022         0.0805      Golden          0.22          5,990,000       4,973,620  7,314,508   5,184,922
2026-07-13  9.27 9.131 9.246 10.122 10.437         1.433         0.1156      Golden          0.31         -9,420,000      42,320,000  3,986,508  12,182,922
2026-07-14  9.20 9.154 9.242 10.104 10.425         0.951         0.1277      Golden          0.23           -370,000      17,400,000  2,490,508  11,502,724
2026-07-15  9.28 9.196 9.245 10.088 10.414         0.711         0.1436      Golden          0.16          5,651,130       4,839,730    698,734  10,636,670
2026-07-16  9.39 9.261 9.259 10.074 10.403         1.315         0.1645      Golden          0.29           -452,585      -7,500,210    279,709  12,406,628
2026-07-17  9.31 9.277 9.264 10.059 10.393         1.171         0.1628      Golden          0.28          6,826,445      -9,224,295    446,998   9,567,045
2026-07-20  9.60 9.385 9.296 10.050 10.385         1.073         0.1940      Golden          0.27         14,196,125      -4,866,835  5,170,223     129,678
2026-07-21  9.63 9.467 9.328 10.041 10.377         0.956         0.2105      Golden          0.24          3,932,725       2,149,745  6,030,768  -2,920,373
2026-07-22  9.66 9.531 9.359 10.034 10.370         0.829         0.2164      Golden          0.21          7,322,940       3,011,820  6,365,130  -3,285,955
2026-07-23  9.83 9.631 9.404 10.030 10.365         1.017         0.2327      Golden          0.26         11,331,570      23,494,535  8,721,961   2,912,994
2026-07-24  9.60 9.620 9.423 10.021 10.357         0.612         0.2032      Golden          0.16          3,191,280      -7,745,610  7,994,928   3,208,731
2026-07-27  9.64 9.627 9.444 10.014 10.350         1.023         0.1804      Golden          0.23         -7,985,615      -1,033,885  3,558,580   3,975,321
2026-07-28  9.78 9.678 9.476 10.009 10.344         0.926         0.1754      Golden          0.20          1,467,405      20,244,525  3,065,516   7,594,277
2026-07-29  9.90 9.752 9.516 10.007 10.340         1.026         0.1789      Golden          0.22           -108,330      11,114,315  1,579,262   9,214,776
2026-07-30 10.05 9.851 9.567 10.008 10.337         1.060         0.1910      Golden          0.23          6,823,260       1,204,705    677,600   4,756,810
2026-07-31 10.03 9.911 9.611 10.008 10.334         4.411         0.1856      Golden          0.91        -20,746,670     -12,909,455 -4,109,990   3,724,041
2026-08-03 10.00 9.941 9.648 10.008 10.331         0.829         0.1679      Golden          0.30         14,400,548      -7,865,058    367,242   2,357,806
2026-08-04  9.88 9.920 9.670 10.006 10.326         0.843         0.1315      Golden          0.31         -6,344,218       1,046,985 -1,195,082  -1,481,702
2026-08-05  9.96 9.934 9.698 10.005 10.322         0.779         0.1106      Golden          0.31          2,752,978      -2,723,488   -622,820  -4,249,262

--------------------------------------------------------------------------------
生成时间: 2026-08-05 17:36:58


================================================================================
【周度走势数据】
================================================================================

问题: 对中国铁塔 (00788)进行周度走势复盘分析，复盘区间：2026年01月02日 – 2026年07月24日（共30周）

      date  open  high   low close week_change_pct volume_ratio turnover_rate   ema5  ema20 ema100 ema200 macd_histogram macd_status rsi14 institutional_flow individual_flow    inst_5ma     ind_5ma
2026-01-02 11.53 11.58 11.13 11.31          -2.25%        0.717         0.78% 11.531 11.366 10.109  9.553        -0.0268             50.70         -4,310,000     -66,678,410  -7,849,872  32,462,536
2026-01-09 11.33 11.35 11.08 11.25          -0.53%        1.035         1.16% 11.437 11.355 10.131  9.570        -0.0755             49.85        -64,039,670     -13,450,830 -26,494,386   4,106,906
2026-01-16 11.26 11.28 11.03 11.11          -1.24%        1.042         1.19% 11.328 11.332 10.151  9.585        -0.1238             47.83        -37,518,330     -13,829,700 -37,295,600  -9,917,034
2026-01-23 11.08 11.14 10.93 11.01          -0.90%        0.957         1.07% 11.222 11.301 10.168  9.599        -0.1639             46.38        -28,410,000      24,333,430 -31,677,600 -13,519,102
2026-01-30 10.97 11.16 10.76 10.89          -1.09%        1.349         1.81% 11.111 11.262 10.182  9.612        -0.1989             44.63        -27,890,000     -20,879,630 -32,433,600 -18,101,028
2026-02-06 10.78 10.82 10.47 10.48          -3.76%        1.210         1.81% 10.901 11.188 10.188  9.621        -0.2655             39.20        -48,750,000     -48,580,000 -41,321,600 -14,481,346
2026-02-13 10.48 10.81 10.33 10.64           1.53%        1.037         1.58% 10.814 11.135 10.197  9.631        -0.2750             42.16        -35,432,250     -13,779,010 -35,600,116 -14,546,982
2026-02-20 10.67 10.68 10.51 10.59          -0.47%        0.234         0.26% 10.739 11.083 10.205  9.640        -0.2744             41.48          1,949,770      -2,149,730 -27,706,496 -12,210,988
2026-02-27 10.66 10.92 10.65 10.78           1.79%        1.242         1.57% 10.753 11.055 10.216  9.652        -0.2363             45.10         27,570,040      10,063,350 -16,510,488 -15,065,004
2026-03-06 10.76 10.93 10.44 10.69          -0.83%        1.024         1.31% 10.732 11.020 10.225  9.662        -0.2118             43.72         40,930,000     -93,579,580  -2,746,488 -29,604,994
2026-03-13 10.63 11.12 10.35 11.11           3.93%        1.107         1.50% 10.858 11.028 10.243  9.676        -0.1316             51.22         24,850,000     111,554,270  11,973,512   2,421,860
2026-03-20 11.12 11.12 10.57 10.71          -3.60%        1.360         2.24% 10.809 10.998 10.252  9.687        -0.1250             45.06         18,449,960      81,364,060  22,749,954  21,450,474
2026-03-27 10.66 10.73 10.22 10.32          -3.64%        1.066         1.81% 10.646 10.934 10.254  9.693        -0.1634             40.01           -941,600       5,532,340  22,171,680  22,986,888
2026-04-03 10.26 10.43 10.07 10.38           0.58%        0.758         1.15% 10.557 10.881 10.256  9.700        -0.1701             41.10         30,170,000     -17,780,000   3,071,664 -11,700,560
2026-04-10 10.45 10.58 10.39 10.46           0.77%        0.580         0.73% 10.525 10.841 10.260  9.707        -0.1537             42.61         60,780,000     -16,405,690  26,661,672  32,852,996
2026-04-17 10.46 10.70 10.36 10.66           1.91%        0.928         1.12% 10.570 10.824 10.268  9.717        -0.1080             46.30          4,996,360     -16,688,010  22,690,944   7,204,540
2026-04-24 10.52 10.96 10.44 10.79           1.22%        0.945         1.11% 10.643 10.820 10.278  9.728        -0.0549             48.61           -400,810     -23,503,330  18,920,790 -13,768,938
2026-05-01 10.83 10.89 10.65 10.71          -0.74%        0.774         0.81% 10.665 10.810 10.287  9.737        -0.0268             47.26          6,184,770      39,610,000   1,322,954     419,440
2026-05-08 10.82 10.84 10.61 10.71           0.00%        0.972         1.01% 10.680 10.800 10.295  9.747        -0.0055             47.26          2,561,040       4,220,360  14,824,272  -2,553,334
2026-05-15 10.71 10.90 10.53 10.58          -1.21%        1.382         1.79% 10.647 10.779 10.301  9.755        -0.0062             44.91         23,650,000     110,332,990   7,398,272  22,794,402
2026-05-22 10.58 10.81 10.22 10.27          -2.93%        1.372         2.17% 10.521 10.731 10.300  9.760        -0.0435             39.83        -72,050,000     -10,192,730  -8,011,000  24,093,458
2026-05-29 10.33 10.33  9.81  9.92          -3.41%        1.276         2.34% 10.321 10.654 10.293  9.762        -0.1069             35.01        -17,100,000     -44,432,600 -11,350,838  19,907,604
2026-06-05  9.92 10.11  9.84  9.88          -0.40%        0.814         1.36% 10.174 10.580 10.285  9.763        -0.1435             34.50        -58,660,000      -3,020,310 -24,319,792  11,381,542
2026-06-12  9.81  9.88  9.53  9.72          -1.62%        0.968         1.60% 10.023 10.498 10.273  9.763        -0.1763             32.45          1,530,280       2,080,000 -24,525,944  10,953,470
2026-06-19  9.76  9.85  9.23  9.31          -4.22%        1.234         2.31%  9.785 10.385 10.254  9.758        -0.2366             27.88          9,950,000       3,283,660   5,478,954  10,474,858
2026-06-26  9.29  9.48  8.66  8.92          -4.19%        1.197         2.49%  9.497 10.245 10.228  9.750        -0.3079             24.36         10,480,000     -52,964,910 -10,759,944 -19,010,832
2026-07-03  8.94  9.09  8.68  9.04           1.35%        0.686         1.23%  9.344 10.131 10.204  9.743        -0.3164             27.40         40,560,400      53,503,320     772,136     576,352
2026-07-10  9.06  9.21  8.87  9.17           1.44%        0.694         1.08%  9.286 10.039 10.184  9.737        -0.2833             30.64         36,572,540      25,924,610  19,818,644   6,365,336
2026-07-17  9.13  9.46  9.07  9.31           1.53%        0.872         1.27%  9.294  9.970 10.167  9.733        -0.2238             34.06          2,234,990      47,835,225  19,959,586  15,516,381
2026-07-24  9.33  9.87  9.33  9.60           3.11%        0.839         1.14%  9.396  9.934 10.155  9.732        -0.1313             40.59         39,974,640      16,043,655  12,433,882   8,637,463

--------------------------------------------------------------------------------
生成时间: 2026-07-27 15:17:50


--------------------------------------------------------------------------------
合并生成时间: 2026-08-06 16:25:22
