问题: 对美兰空港 (00357)近日走势进行复盘分析，复盘区间：2026年07月23日 – 2026年09月02日

      date close  ema5 ema20 ema100 ema200 volume_ratio5 macd_histogram macd_status turnover_rate institutional_flow individual_flow inst_5ma   ind_5ma
2026-07-23  4.60 4.420 4.363  5.848  7.201         0.374         0.1512      Golden          0.10                             70,470  315,942   -41,246
2026-07-24  4.52 4.453 4.378  5.821  7.174         0.505         0.1531      Golden          0.08                            293,870  315,942    66,028
2026-07-27  4.98 4.629 4.435  5.805  7.152         2.179         0.2075      Golden          0.33            156,480         689,430   83,376   244,784
2026-07-28  5.04 4.766 4.493  5.790  7.131         1.415         0.2403      Golden          0.23                             76,330   57,576   211,140
2026-07-29  5.69 5.074 4.607  5.788  7.117         2.718         0.3327      Golden          0.46          1,020,220       1,407,790  235,340   507,578
2026-07-30  5.57 5.239 4.699  5.783  7.102         0.984         0.3586      Golden          0.24            173,290       1,421,250  269,998   777,734
2026-07-31  5.43 5.303 4.768  5.776  7.085         0.882         0.3380      Golden          0.24              1,680         557,450  270,334   830,450
2026-08-03  5.48 5.362 4.836  5.770  7.069         0.255         0.3129      Golden          0.08            404,340         264,945  319,906   745,553
2026-08-04  5.68 5.468 4.916  5.769  7.055         0.651         0.3046      Golden          0.16                            428,995  319,906   816,086
2026-08-05  5.65 5.529 4.986  5.766  7.041         1.428         0.2774      Golden          0.33            -58,460       1,249,745  104,170   784,477
2026-08-06  5.57 5.542 5.042  5.762  7.026         0.847         0.2326      Golden          0.18            382,445       1,141,200  146,001   728,467
2026-08-07  5.70 5.595 5.105  5.761  7.013         0.991         0.2055      Golden          0.19                          1,850,395  145,665   987,056
2026-08-10  5.52 5.570 5.144  5.756  6.998         0.709         0.1508      Golden          0.13                            782,875   64,797 1,090,642
2026-08-11  5.50 5.547 5.178  5.751  6.984         0.941         0.1018      Golden          0.19                          1,731,860   64,797 1,351,215
2026-08-12  5.56 5.551 5.214  5.748  6.969         0.335         0.0689      Golden          0.07            193,200         260,910  115,129 1,153,448
2026-08-13  5.50 5.534 5.242  5.743  6.955         0.625         0.0323      Golden          0.10            165,900         257,550   71,820   976,718
2026-08-14  5.54 5.536 5.270  5.739  6.941         0.104         0.0081      Golden          0.01                             83,720   71,820   623,383
2026-08-17  5.56 5.544 5.298  5.735  6.927         1.486        -0.0098       Death          0.15                             52,855   71,820   477,379
2026-08-18  5.51 5.533 5.318  5.731  6.913         0.402        -0.0315       Death          0.04                            369,990   71,820   205,005
2026-08-19  5.54 5.535 5.339  5.727  6.899         1.940        -0.0444       Death          0.14                          1,005,795   33,180   353,982
2026-08-20  5.62 5.563 5.366  5.725  6.886         0.952        -0.0444       Death          0.08                            533,940            409,260
2026-08-21  5.62 5.582 5.390  5.723  6.874         0.874        -0.0466       Death          0.08                            358,225            464,161
2026-08-24  5.24 5.468 5.376  5.713  6.858         1.603        -0.0984       Death          0.16                            337,580            521,106
2026-08-25  5.22 5.385 5.361  5.703  6.841         0.786        -0.1324       Death          0.08            392,625         376,200   78,525   522,348
2026-08-26  5.22 5.330 5.347  5.694  6.825         0.294        -0.1506       Death          0.03                            -25,610   78,525   316,067
2026-08-27  5.06 5.240 5.320  5.681  6.808         0.227        -0.1780       Death          0.02                             41,335   78,525   217,546
2026-08-28  5.19 5.223 5.308  5.671  6.791         1.584        -0.1723       Death          0.12                            491,990   78,525   244,299
2026-08-31  5.25 5.232 5.302  5.663  6.776         0.782        -0.1548       Death          0.06                            221,255   78,525   221,034
2026-09-01  5.06 5.175 5.279  5.651  6.759         1.316        -0.1622       Death          0.08            296,130         183,475   59,226   182,489
2026-09-02  5.16 5.170 5.268  5.641  6.743         0.604        -0.1476       Death          0.04                            118,765   59,226   211,364

--------------------------------------------------------------------------------
生成时间: 2026-09-02 17:20:18
