请作为一家国际资产管理公司(QS财富方舟)的AI投资委员会，对以下港股 00020_商汤科技进行机构级每日复盘，2026-08-06。

请作为一家国际资产管理公司(QS财富方舟)的AI投资委员会，对以下港股进行机构级复盘。

【一、事件复盘】
- 今天发生了什么？
- 哪些事件真正影响股价？
- 哪些只是市场噪音？

【二、公司基本面】
- 今天的信息是否改变公司的长期价值？
- 是否影响竞争优势、盈利能力、现金流或行业地位？

【三、资金行为】
- 南向资金、机构、散户、量化、做空资金分别在做什么？
- 是否存在资金分歧？

【四、技术结构】
- 趋势是否发生变化？
- 哪些信号有效？哪些属于噪音？
- 支撑位、压力位、成交量结构是否确认趋势？

【五、估值分析】
- 当前估值相对于历史、同行和成长性是否合理？
- 市场是在交易预期还是交易现实？
- 估值逻辑是否发生变化？

【六、风险分析】
- 如果你是做空机构，你会攻击哪些点？
- 哪些风险已被市场充分定价？哪些仍可能被低估？

【七、情景推演】
请分别构建乐观、基准、悲观三个剧本，并说明：
- 触发条件
- 概率
- 关键验证指标
- 应对策略

【八、投资委员会总结】
请分别给出：
- 长线价值投资者观点
- 中线趋势投资者观点
- 短线交易者观点

最后输出：
1. 综合评分（100分）
2. 基本面评分
3. 资金面评分
4. 技术面评分
5. 风险评分
6. 当前所处阶段（底部 / 吸筹 / 突破 / 主升 / 高潮 / 派发 / 调整 / 熊市）
7. 建议（买入、增持、持有、减持、观望）
8. 未来一周、一个月、一个季度需要重点跟踪的指标和事件。


================================================================================
【日度走势数据】
================================================================================

问题: 对商汤科技 (00020)近日走势进行复盘分析，复盘区间：2026年06月24日 – 2026年08月05日

      date close  ema5 ema20 ema100 ema200 volume_ratio5 macd_histogram macd_status turnover_rate institutional_flow individual_flow    inst_5ma     ind_5ma
2026-06-24  1.39 1.428 1.561  1.912  1.974         1.322        -0.0097       Death          1.31         51,170,000     -27,880,000  14,994,000 -28,586,000
2026-06-25  1.36 1.405 1.542  1.901  1.968         0.911        -0.0106       Death          1.01         22,330,000     -49,943,720   7,480,000 -43,124,744
2026-06-26  1.28 1.364 1.517  1.889  1.961         0.972        -0.0187       Death          1.03        -35,330,000     -75,210,000   4,100,000 -55,510,744
2026-06-29  1.34 1.356 1.500  1.878  1.955         1.065        -0.0130       Death          1.10         39,720,000     -21,400,000   6,912,000 -50,222,744
2026-06-30  1.34 1.350 1.485  1.867  1.949         0.838        -0.0067       Death          0.87        -22,560,000     -32,560,000  11,066,000 -41,398,744
2026-07-02  1.32 1.340 1.469  1.856  1.943         0.851        -0.0027       Death          0.91        -50,830,000     -81,870,000  -9,334,000 -52,196,744
2026-07-03  1.38 1.354 1.460  1.847  1.937         0.914         0.0097      Golden          0.90         20,720,000     -59,320,000  -9,656,000 -54,072,000
2026-07-06  1.34 1.349 1.449  1.837  1.931         0.653         0.0140      Golden          0.63        -21,630,000     -15,021,060  -6,916,000 -42,034,212
2026-07-07  1.25 1.316 1.430  1.825  1.924         1.644         0.0066      Golden          1.45       -118,990,000     -54,350,000 -38,658,000 -48,624,212
2026-07-08  1.40 1.344 1.427  1.817  1.919         1.712         0.0229      Golden          1.63        141,700,000     164,590,000  -5,806,000  -9,194,212
2026-07-09  1.38 1.356 1.423  1.808  1.914         1.351         0.0313      Golden          1.49         18,550,000      49,685,670   8,070,000  17,116,922
2026-07-10  1.41 1.374 1.421  1.800  1.909         0.903         0.0408      Golden          1.10          5,160,950      23,133,640   4,958,190  33,607,650
2026-07-13  1.33 1.359 1.413  1.791  1.903         1.048         0.0362      Golden          1.32         51,340,000      20,270,000  19,552,190  40,665,862
2026-07-14  1.32 1.346 1.404  1.782  1.897         1.076         0.0320      Golden          1.50        -78,170,130     -10,440,000  27,716,164  49,447,862
2026-07-15  1.35 1.347 1.399  1.773  1.892         0.517         0.0332      Golden          0.73         21,257,120      20,821,770   3,627,588  20,694,216
2026-07-16  1.39 1.362 1.398  1.765  1.887         0.930         0.0390      Golden          1.14         10,532,600      53,066,040   2,024,108  21,370,290
2026-07-17  1.29 1.338 1.388  1.756  1.881         1.117         0.0294      Golden          1.30       -155,259,630       5,982,290 -30,060,008  17,940,020
2026-07-20  1.36 1.345 1.385  1.748  1.876         0.947         0.0322      Golden          1.13         53,453,920     -21,582,580 -29,637,224   9,569,504
2026-07-21  1.40 1.363 1.386  1.741  1.871         1.213         0.0388      Golden          1.41         71,168,740      60,645,700     230,550  23,786,644
2026-07-22  1.40 1.376 1.388  1.734  1.866         0.708         0.0423      Golden          0.81         -6,959,520      29,856,200  -5,412,778  25,593,530
2026-07-23  1.39 1.380 1.388  1.728  1.862         0.373         0.0421      Golden          0.43         -6,459,110     -21,392,990  -8,811,120  10,701,724
2026-07-24  1.32 1.360 1.381  1.720  1.856         0.751         0.0321      Golden          0.76        -66,987,080       6,351,700   8,843,390  10,775,606
2026-07-27  1.35 1.357 1.378  1.712  1.851         1.063         0.0290      Golden          0.97         80,309,000      48,681,660  14,214,406  24,828,454
2026-07-28  1.40 1.371 1.381  1.706  1.847         1.269         0.0329      Golden          1.11         47,657,440      48,149,580   9,512,146  22,329,230
2026-07-29  1.44 1.394 1.386  1.701  1.843         1.680         0.0396      Golden          1.37        151,854,470      54,163,190  41,274,944  27,190,628
2026-07-30  1.41 1.399 1.388  1.695  1.838         0.936         0.0388      Golden          0.87         25,894,920     -53,932,790  47,745,750  20,682,668
2026-07-31  1.45 1.416 1.394  1.690  1.834         1.657         0.0421      Golden          1.68         20,363,400       3,951,990  65,215,846  20,202,726
2026-08-03  1.50 1.444 1.404  1.686  1.831         1.091         0.0489      Golden          1.31        -21,988,320     171,914,590  44,756,382  44,849,312
2026-08-04  1.54 1.476 1.417  1.684  1.828         0.777         0.0563      Golden          0.99         37,944,500      65,169,625  42,813,794  48,253,321
2026-08-05  1.57 1.507 1.432  1.681  1.826         1.166         0.0622      Golden          1.45        -14,370,795      99,276,765   9,568,741  57,276,036

--------------------------------------------------------------------------------
生成时间: 2026-08-05 17:36:58


================================================================================
【周度走势数据】
================================================================================

问题: 对商汤科技 (00020)进行周度走势复盘分析，复盘区间：2026年01月02日 – 2026年07月24日（共30周）

      date open high  low close week_change_pct volume_ratio turnover_rate  ema5 ema20 ema100 ema200 macd_histogram macd_status rsi14 institutional_flow individual_flow    inst_5ma      ind_5ma
2026-01-02 2.14 2.25 2.11  2.22           4.23%        0.912         4.98% 2.138 2.129  1.861  2.327        -0.1009             53.88         19,500,000     154,060,000 102,080,000  458,144,000
2026-01-09 2.23 2.50 2.20  2.47          11.26%        1.356         9.02% 2.249 2.161  1.873  2.328        -0.0510             59.34        163,170,000     725,220,000 121,298,000  569,274,000
2026-01-16 2.50 2.72 2.43  2.49           0.81%        1.385        11.41% 2.329 2.192  1.885  2.330        -0.0168             59.75       -126,161,440         300,000  56,961,712  485,582,000
2026-01-23 2.48 2.53 2.33  2.48          -0.40%        0.720         5.20% 2.380 2.220  1.897  2.331         0.0021             59.43         36,750,000    -116,910,000  49,053,712  289,312,000
2026-01-30 2.48 2.60 2.42  2.47          -0.40%        0.785         5.11% 2.410 2.244  1.908  2.333         0.0103             59.09       -183,868,180    -215,196,860 -18,121,924  109,494,628
2026-02-06 2.47 2.47 2.27  2.34          -5.26%        0.955         6.09% 2.386 2.253  1.917  2.333        -0.0039             54.65          2,643,390    -113,670,000 -21,493,246   55,948,628
2026-02-13 2.39 2.74 2.36  2.64          12.82%        1.189         8.39% 2.471 2.290  1.931  2.336         0.0234             61.78        558,660,000     788,140,000  57,604,754   68,532,628
2026-02-20 2.64 2.71 2.55  2.69           1.89%        0.252         1.29% 2.544 2.328  1.946  2.339         0.0434             62.83        -31,630,200      38,990,000  76,511,002   76,270,628
2026-02-27 2.72 2.80 2.43  2.56          -4.83%        1.767        14.72% 2.549 2.350  1.958  2.341         0.0347             58.35         66,760,000     995,230,000  82,513,002  298,698,628
2026-03-06 2.47 2.47 2.17  2.25         -12.11%        1.055         9.03% 2.450 2.340  1.964  2.341        -0.0146             49.31          4,250,000     530,940,000 120,136,638  447,926,000
2026-03-13 2.18 2.37 1.96  2.04          -9.33%        1.024         8.87% 2.313 2.312  1.965  2.338        -0.0740             44.31        191,460,000     564,690,000 157,899,960  583,598,000
2026-03-20 2.05 2.14 1.98  2.00          -1.96%        0.741         5.69% 2.209 2.282  1.966  2.334        -0.1147             43.40         74,030,000     231,530,000  60,973,960  472,276,000
2026-03-27 1.97 2.02 1.82  1.86          -7.00%        0.909         6.66% 2.092 2.242  1.964  2.329        -0.1541             40.30       -141,804,540     391,110,000  38,939,092  542,700,000
2026-04-03 1.81 1.92 1.80  1.85          -0.54%        0.574         3.47% 2.012 2.205  1.962  2.325        -0.1736             40.08         45,565,490      35,100,000 125,280,522  276,066,000
2026-04-10 1.93 2.08 1.92  2.01           8.65%        0.652         3.35% 2.011 2.186  1.963  2.322        -0.1576             45.24         65,950,000     124,330,000  47,040,190  269,352,000
2026-04-17 2.00 2.10 1.96  2.01           0.00%        0.803         3.76% 2.011 2.169  1.964  2.318        -0.1402             45.24        104,662,470     235,120,000  29,680,684  203,438,000
2026-04-24 2.01 2.08 1.95  2.03           1.00%        0.841         3.61% 2.017 2.156  1.965  2.316        -0.1200             45.91        205,457,990     134,990,000  55,966,282  184,130,000
2026-05-01 2.03 2.06 1.93  1.98          -2.46%        0.847         3.27% 2.005 2.139  1.965  2.312        -0.1077             44.44         52,485,870     187,800,000  89,015,696  282,698,000
2026-05-08 2.01 2.10 1.96  2.06           4.04%        0.905         3.35% 2.023 2.132  1.967  2.310        -0.0842             47.35        223,717,960    -119,552,760 130,454,858  112,537,448
2026-05-15 2.06 2.09 1.85  1.86          -9.71%        1.142         4.54% 1.969 2.106  1.965  2.305        -0.0904             41.50       -216,260,000     -50,690,000  74,012,858   77,533,448
2026-05-22 1.85 1.88 1.74  1.77          -4.84%        0.935         3.59% 1.903 2.074  1.961  2.300        -0.1008             39.15        -42,020,000    -357,790,000  44,676,364  -41,048,552
2026-05-29 1.77 1.81 1.62  1.66          -6.21%        1.186         5.02% 1.822 2.034  1.955  2.294        -0.1154             36.44        -35,576,100    -362,690,000  -3,530,454 -140,584,552
2026-06-05 1.66 1.84 1.63  1.66           0.00%        1.239         5.96% 1.768 1.999  1.949  2.287        -0.1177             36.44       -132,440,000    -233,660,000 -40,515,628 -224,876,552
2026-06-12 1.60 1.61 1.40  1.48         -10.84%        1.265         7.02% 1.672 1.949  1.940  2.279        -0.1349             32.21         17,100,000    -740,010,000 -81,839,220 -348,968,000
2026-06-19 1.51 1.54 1.44  1.48           0.00%        0.826         4.21% 1.608 1.905  1.931  2.271        -0.1372             32.21        -92,180,000    -110,750,000  22,468,272  178,648,000
2026-06-26 1.48 1.48 1.27  1.28         -13.51%        1.010         5.18% 1.499 1.845  1.918  2.261        -0.1552             28.01         20,500,000    -277,553,720 -44,519,220 -344,932,744
2026-07-03 1.30 1.39 1.29  1.38           7.81%        0.808         3.78% 1.459 1.801  1.907  2.253        -0.1435             32.73        -12,950,000    -195,150,000 -39,994,000 -311,424,744
2026-07-10 1.38 1.47 1.23  1.41           2.17%        1.207         6.30% 1.443 1.764  1.898  2.244        -0.1225             34.12         24,790,950     168,038,250  -8,547,810 -231,085,094
2026-07-17 1.41 1.43 1.25  1.29          -8.51%        1.094         5.99% 1.392 1.719  1.886  2.235        -0.1155             31.33       -150,300,040      89,700,100 -42,027,818  -65,143,074
2026-07-24 1.33 1.42 1.31  1.32           2.33%        0.880         4.54% 1.368 1.681  1.874  2.226        -0.0983             32.81         44,216,950      53,878,030  40,419,662  169,983,606

--------------------------------------------------------------------------------
生成时间: 2026-07-27 15:17:50


--------------------------------------------------------------------------------
合并生成时间: 2026-08-06 16:25:22
