请作为一家国际资产管理公司(QS财富方舟)的AI投资委员会，对以下港股 06060_众安在线进行机构级每日复盘，2026-08-06。

请作为一家国际资产管理公司(QS财富方舟)的AI投资委员会，对以下港股进行机构级复盘。

【一、事件复盘】
- 今天发生了什么？
- 哪些事件真正影响股价？
- 哪些只是市场噪音？

【二、公司基本面】
- 今天的信息是否改变公司的长期价值？
- 是否影响竞争优势、盈利能力、现金流或行业地位？

【三、资金行为】
- 南向资金、机构、散户、量化、做空资金分别在做什么？
- 是否存在资金分歧？

【四、技术结构】
- 趋势是否发生变化？
- 哪些信号有效？哪些属于噪音？
- 支撑位、压力位、成交量结构是否确认趋势？

【五、估值分析】
- 当前估值相对于历史、同行和成长性是否合理？
- 市场是在交易预期还是交易现实？
- 估值逻辑是否发生变化？

【六、风险分析】
- 如果你是做空机构，你会攻击哪些点？
- 哪些风险已被市场充分定价？哪些仍可能被低估？

【七、情景推演】
请分别构建乐观、基准、悲观三个剧本，并说明：
- 触发条件
- 概率
- 关键验证指标
- 应对策略

【八、投资委员会总结】
请分别给出：
- 长线价值投资者观点
- 中线趋势投资者观点
- 短线交易者观点

最后输出：
1. 综合评分（100分）
2. 基本面评分
3. 资金面评分
4. 技术面评分
5. 风险评分
6. 当前所处阶段（底部 / 吸筹 / 突破 / 主升 / 高潮 / 派发 / 调整 / 熊市）
7. 建议（买入、增持、持有、减持、观望）
8. 未来一周、一个月、一个季度需要重点跟踪的指标和事件。


================================================================================
【日度走势数据】
================================================================================

问题: 对众安在线 (06060)近日走势进行复盘分析，复盘区间：2026年06月24日 – 2026年08月05日

      date close   ema5  ema20 ema100 ema200 volume_ratio5 macd_histogram macd_status turnover_rate institutional_flow individual_flow   inst_5ma     ind_5ma
2026-06-24  9.52 10.041 10.564 12.646 13.915         0.613        -0.0859       Death          0.63           -670,000      -7,800,000 -6,190,072  -9,058,000
2026-06-25  9.34  9.807 10.448 12.581 13.869         0.768        -0.1568       Death          0.64         17,220,000      -7,390,000  6,025,928  -9,438,000
2026-06-26  9.08  9.565 10.317 12.511 13.822         0.804        -0.2202       Death          0.60          7,120,000     -15,000,000  9,359,928  -9,780,000
2026-06-29  9.17  9.433 10.208 12.445 13.775         0.726        -0.2302       Death          0.49          1,656,820     -12,690,000  5,479,292 -10,306,000
2026-06-30  9.00  9.289 10.093 12.377 13.728         1.026        -0.2391       Death          0.58          4,682,980      -5,910,000  6,001,960  -9,758,000
2026-07-02  9.33  9.303 10.020 12.317 13.684         1.033        -0.1823       Death          0.61          6,390,000      -6,580,000  7,413,960  -9,514,000
2026-07-03  9.58  9.395  9.978 12.262 13.643         0.778        -0.0972       Death          0.45           -890,120      -4,022,020  3,791,936  -8,840,404
2026-07-06  9.73  9.507  9.955 12.212 13.604         0.631        -0.0113       Death          0.34          5,980,390       4,780,000  3,564,014  -4,884,404
2026-07-07  9.71  9.574  9.931 12.163 13.566         0.938         0.0489      Golden          0.46         -6,320,000        -840,000  1,968,650  -2,514,404
2026-07-08 10.05  9.733  9.943 12.121 13.531         1.413         0.1357      Golden          0.69            958,280      30,850,000  1,223,710   4,837,596
2026-07-09  9.72  9.729  9.922 12.073 13.493         1.219         0.1487      Golden          0.62         -7,880,000       7,640,000 -1,630,290   7,681,596
2026-07-10  9.97  9.809  9.926 12.032 13.458         1.337         0.1886      Golden          0.69         13,140,000      14,270,000  1,175,734  11,340,000
2026-07-13  9.86  9.826  9.920 11.989 13.422         1.938         0.1968      Golden          1.09         23,960,000      20,710,000  4,771,656  14,526,000
2026-07-14  9.97  9.874  9.925 11.949 13.388         2.958         0.2123      Golden          2.11         36,840,000      26,443,660 13,403,656  19,982,732
2026-07-15 10.18  9.976  9.949 11.914 13.356         0.811         0.2439      Golden          0.84          5,984,624     -10,863,165 14,408,925  11,640,099
2026-07-16 10.55 10.167 10.006 11.887 13.328         0.578         0.3038      Golden          0.62          7,642,700       4,028,603 17,513,465  10,917,820
2026-07-17 10.14 10.158 10.019 11.852 13.296         0.479         0.2781      Golden          0.51         -8,684,361      -8,075,262 13,148,593   6,448,767
2026-07-20 10.52 10.279 10.067 11.826 13.268         0.388         0.3002      Golden          0.40           -298,581      10,770,793  8,296,876   4,460,926
2026-07-21 10.83 10.463 10.139 11.806 13.244         0.502         0.3415      Golden          0.45            512,917       9,625,731  1,031,460   1,097,340
2026-07-22 10.84 10.588 10.206 11.787 13.220         0.649         0.3536      Golden          0.37         -1,976,359       1,055,262   -560,737   3,481,025
2026-07-23 10.91 10.696 10.273 11.770 13.197         0.666         0.3536      Golden          0.31           -838,062        -793,959 -2,256,889   2,516,513
2026-07-24 10.64 10.677 10.308 11.747 13.172         0.588         0.3019      Golden          0.24         -2,088,992      -5,285,074   -937,815   3,074,551
2026-07-27 10.56 10.638 10.332 11.724 13.146         1.007         0.2440      Golden          0.36         -3,073,862     -10,986,389 -1,492,872  -1,276,886
2026-07-28 10.63 10.635 10.360 11.702 13.121         0.702         0.2039      Golden          0.24          1,951,333      -1,239,375 -1,205,188  -3,449,907
2026-07-29 11.11 10.794 10.432 11.690 13.101         1.631         0.2288      Golden          0.50          1,314,739       2,556,041   -546,969  -3,149,751
2026-07-30 11.08 10.889 10.494 11.678 13.081         1.186         0.2276      Golden          0.39          2,667,597      -4,463,150    154,163  -3,883,589
2026-07-31 11.09 10.956 10.550 11.667 13.061         2.006         0.2147      Golden          0.69         -4,929,621     -18,487,031   -413,963  -6,523,981
2026-08-03 11.18 11.031 10.610 11.657 13.042         0.831         0.2049      Golden          0.36          1,671,966       8,676,407    535,203  -2,591,422
2026-08-04 11.43 11.164 10.688 11.652 13.026         1.314         0.2174      Golden          0.57          9,908,525        -957,602  2,126,641  -2,535,067
2026-08-05 11.37 11.233 10.753 11.647 13.010         0.521         0.2033      Golden          0.26          5,472,042        -852,970  2,958,102  -3,216,869

--------------------------------------------------------------------------------
生成时间: 2026-08-05 17:36:58


================================================================================
【周度走势数据】
================================================================================

问题: 对众安在线 (06060)进行周度走势复盘分析，复盘区间：2026年01月02日 – 2026年07月24日（共30周）

      date  open  high   low close week_change_pct volume_ratio turnover_rate   ema5  ema20 ema100 ema200 macd_histogram macd_status rsi14 institutional_flow individual_flow   inst_5ma     ind_5ma
2026-01-02 16.13 17.02 15.86 16.52           2.48%        0.993         2.80% 15.961 16.352 16.296 19.659        -0.3633             50.93         52,920,000      17,790,000 38,736,790  33,784,020
2026-01-09 16.52 18.00 16.30 17.17           3.93%        1.476         5.44% 16.364 16.430 16.314 19.635        -0.1314             54.02         94,890,000      73,614,990 54,973,196  40,873,018
2026-01-16 17.16 17.91 16.83 17.10          -0.41%        1.192         4.87% 16.609 16.494 16.329 19.609         0.0130             53.63        -10,127,210     -77,660,000 48,805,982  25,456,714
2026-01-23 17.10 17.31 16.60 16.90          -1.17%        0.761         2.77% 16.706 16.533 16.340 19.582         0.0782             52.46         -2,371,120     -26,400,000 37,496,334   2,814,714
2026-01-30 16.98 17.10 16.47 16.64          -1.54%        0.789         2.60% 16.684 16.543 16.346 19.553         0.0827             50.90        -18,122,850      23,206,630 23,437,764   2,110,324
2026-02-06 16.60 16.60 15.41 15.46          -7.09%        0.947         3.04% 16.276 16.440 16.329 19.512        -0.0688             44.46          2,520,000       3,129,110 13,357,764    -821,854
2026-02-13 15.70 16.80 15.63 16.12           4.27%        0.933         2.90% 16.224 16.409 16.325 19.479        -0.0752             48.39          7,428,580        -711,760 -4,134,520 -15,687,204
2026-02-20 16.18 16.41 15.78 15.91          -1.30%        0.161         0.36% 16.119 16.362 16.317 19.443        -0.1010             47.25          3,720,000       1,698,190 -1,365,078     184,434
2026-02-27 15.98 16.94 15.15 15.33          -3.65%        1.359         3.63% 15.856 16.263 16.297 19.402        -0.1848             44.13        -33,830,000      -2,251,530 -7,656,854   5,014,128
2026-03-06 15.00 15.00 13.53 14.23          -7.18%        1.265         3.88% 15.314 16.070 16.256 19.351        -0.3664             38.90          4,459,970     -10,282,100 -3,140,290  -1,683,618
2026-03-13 13.66 14.60 13.63 14.03          -1.41%        0.844         2.41% 14.886 15.876 16.212 19.298        -0.4841             38.01         -6,847,330     -25,859,650 -5,013,756  -7,481,370
2026-03-20 14.13 15.47 13.54 13.70          -2.35%        1.371         4.81% 14.491 15.668 16.162 19.242        -0.5710             36.54         55,983,760      75,211,340  4,697,280   7,703,250
2026-03-27 13.30 13.68 12.89 13.28          -3.07%        0.899         3.00% 14.087 15.441 16.105 19.183        -0.6443             34.70         -4,556,950     -49,230,000  3,041,890  -2,482,388
2026-04-03 13.19 13.19 12.60 12.77          -3.84%        0.847         2.63% 13.648 15.187 16.039 19.119        -0.7153             32.55          9,358,890     -18,002,380  5,563,692   1,984,448
2026-04-10 13.14 13.96 12.84 13.60           6.50%        1.106         3.63% 13.632 15.035 15.991 19.064        -0.6084             39.15          3,829,050      44,980,000 11,553,484   5,419,862
2026-04-17 13.00 13.23 12.52 12.61          -7.28%        1.087         3.73% 13.291 14.804 15.924 19.000        -0.6265             34.78         -8,068,140     -35,282,770 11,309,322   3,535,238
2026-04-24 12.67 13.05 12.06 12.19          -3.33%        0.784         2.42% 12.924 14.555 15.850 18.932        -0.6478             33.09         17,337,080      -7,098,050  3,579,986 -12,926,640
2026-05-01 12.19 12.27 11.72 11.73          -3.77%        0.577         1.47% 12.526 14.286 15.768 18.860        -0.6737             31.30         -1,934,070     -26,803,210  5,759,414  -2,804,502
2026-05-08 11.74 12.27 11.57 12.22           4.18%        0.969         2.42% 12.424 14.090 15.698 18.794        -0.5783             35.32         46,175,260      -1,986,850 11,467,836  -5,238,176
2026-05-15 12.22 12.22 11.02 11.22          -8.18%        1.143         3.09% 12.023 13.816 15.609 18.719        -0.6007             31.29        -18,450,000     -95,450,000  7,012,026 -33,324,176
2026-05-22 11.30 11.30 10.52 10.63          -5.26%        0.877         2.24% 11.558 13.513 15.511 18.639        -0.6421             29.18          3,864,720     -37,037,590  9,398,598 -33,675,140
2026-05-29 10.63 10.86 10.28 10.80           1.60%        1.045         2.73% 11.306 13.254 15.418 18.561        -0.5948             30.63         12,691,750     -23,780,000  8,469,532 -37,011,530
2026-06-05 10.80 11.02 10.29 10.32          -4.44%        0.911         2.27% 10.977 12.975 15.317 18.479        -0.5759             28.84         10,291,350     -40,911,280 10,914,616 -39,833,144
2026-06-12 10.15 10.89 10.06 10.67           3.39%        1.393         4.32% 10.875 12.755 15.225 18.401        -0.4686             31.97         25,856,790      -4,180,000  6,850,922 -40,271,774
2026-06-19 10.88 11.68 10.09 10.15          -4.87%        1.235         4.34% 10.633 12.507 15.124 18.319        -0.4215             29.87          4,160,000      31,940,000 10,249,626   1,839,440
2026-06-26 10.15 10.36  9.01  9.08         -10.54%        0.967         3.34% 10.115 12.181 15.004 18.227        -0.4838             26.06         46,799,640     -48,900,000 19,959,906 -17,166,256
2026-07-03  9.14  9.62  8.83  9.58           5.51%        0.705         2.13%  9.937 11.933 14.897 18.141        -0.4100             30.52         11,839,680     -29,202,020 19,789,492 -18,250,660
2026-07-10  9.69 10.10  9.46  9.97           4.07%        0.955         2.80%  9.948 11.746 14.799 18.059        -0.2677             33.86          5,878,670      56,700,000 18,906,956   1,271,596
2026-07-17  9.97 10.63  9.25 10.14           1.71%        1.402         5.17% 10.012 11.593 14.707 17.981        -0.1176             35.32         65,742,963      32,243,836 26,884,191   8,556,363
2026-07-24 10.11 11.05 10.11 10.64           4.93%        0.581         1.77% 10.221 11.502 14.627 17.908         0.0720             39.56         -4,689,077      15,372,753 11,813,149   5,847,149

--------------------------------------------------------------------------------
生成时间: 2026-07-27 15:17:50


--------------------------------------------------------------------------------
合并生成时间: 2026-08-06 16:25:22
