请作为一家国际资产管理公司(QS财富方舟)的AI投资委员会，对以下港股 02202_港股万科企业进行机构级每日复盘，2026-08-06。

请作为一家国际资产管理公司(QS财富方舟)的AI投资委员会，对以下港股进行机构级复盘。

【一、事件复盘】
- 今天发生了什么？
- 哪些事件真正影响股价？
- 哪些只是市场噪音？

【二、公司基本面】
- 今天的信息是否改变公司的长期价值？
- 是否影响竞争优势、盈利能力、现金流或行业地位？

【三、资金行为】
- 南向资金、机构、散户、量化、做空资金分别在做什么？
- 是否存在资金分歧？

【四、技术结构】
- 趋势是否发生变化？
- 哪些信号有效？哪些属于噪音？
- 支撑位、压力位、成交量结构是否确认趋势？

【五、估值分析】
- 当前估值相对于历史、同行和成长性是否合理？
- 市场是在交易预期还是交易现实？
- 估值逻辑是否发生变化？

【六、风险分析】
- 如果你是做空机构，你会攻击哪些点？
- 哪些风险已被市场充分定价？哪些仍可能被低估？

【七、情景推演】
请分别构建乐观、基准、悲观三个剧本，并说明：
- 触发条件
- 概率
- 关键验证指标
- 应对策略

【八、投资委员会总结】
请分别给出：
- 长线价值投资者观点
- 中线趋势投资者观点
- 短线交易者观点

最后输出：
1. 综合评分（100分）
2. 基本面评分
3. 资金面评分
4. 技术面评分
5. 风险评分
6. 当前所处阶段（底部 / 吸筹 / 突破 / 主升 / 高潮 / 派发 / 调整 / 熊市）
7. 建议（买入、增持、持有、减持、观望）
8. 未来一周、一个月、一个季度需要重点跟踪的指标和事件。


================================================================================
【日度走势数据】
================================================================================

问题: 对港股万科企业 (02202)近日走势进行复盘分析，复盘区间：2026年06月24日 – 2026年08月05日

      date close  ema5 ema20 ema100 ema200 volume_ratio5 macd_histogram macd_status turnover_rate institutional_flow individual_flow   inst_5ma    ind_5ma
2026-06-24  2.31 2.418 2.585  3.100  3.632         1.101        -0.0289       Death          1.10         -5,470,000      -8,740,000 -3,123,088 -2,436,648
2026-06-25  2.25 2.362 2.553  3.083  3.618         1.234        -0.0414       Death          1.35         -6,510,000      -7,830,000 -4,183,456 -4,200,332
2026-06-26  2.20 2.308 2.519  3.066  3.604         1.785        -0.0513       Death          2.16         -2,360,000       7,370,000 -3,443,456 -2,726,918
2026-06-29  2.21 2.275 2.490  3.049  3.590         0.771        -0.0513       Death          1.03         -4,490,000       5,010,000 -4,317,456 -1,216,000
2026-06-30  2.12 2.223 2.455  3.030  3.575         1.386        -0.0577       Death          1.86          2,050,000      -4,450,000 -3,356,000 -1,728,000
2026-07-02  2.23 2.226 2.433  3.014  3.562         1.192        -0.0422       Death          1.79         12,900,000      -4,265,440    318,000   -833,088
2026-07-03  2.34 2.264 2.424  3.001  3.550         0.788        -0.0137       Death          1.29         11,180,000       1,228,330  3,856,000    978,578
2026-07-06  2.31 2.279 2.413  2.987  3.538         0.375         0.0037      Golden          0.61         -2,420,260        -398,440  3,843,948   -575,110
2026-07-07  2.22 2.259 2.395  2.972  3.524         0.509         0.0055      Golden          0.67         -4,230,000      -2,014,420  3,895,948 -1,979,994
2026-07-08  2.27 2.263 2.383  2.958  3.512         0.584         0.0153      Golden          0.73          3,774,910       1,109,580  4,240,930   -868,078
2026-07-09  2.26 2.262 2.371  2.944  3.499         0.594         0.0219      Golden          0.60         -2,734,070      -1,624,900  1,114,116   -339,970
2026-07-10  2.35 2.291 2.369  2.933  3.488         1.765         0.0389      Golden          1.38          7,710,000       4,430,000    420,116    300,364
2026-07-13  2.30 2.294 2.363  2.920  3.476         1.199         0.0435      Golden          0.96            -30,000       1,623,380    898,168    704,728
2026-07-14  2.34 2.309 2.361  2.909  3.465         0.563         0.0516      Golden          0.49          3,044,480         750,500  2,353,064  1,257,712
2026-07-15  2.40 2.340 2.364  2.899  3.454         0.767         0.0638      Golden          0.64         -2,167,633       5,800,209  1,164,555  2,195,838
2026-07-16  2.51 2.396 2.378  2.891  3.445         2.227         0.0841      Golden          1.81          6,433,796       6,189,197  2,998,129  3,758,657
2026-07-17  2.48 2.424 2.388  2.883  3.435         1.732         0.0905      Golden          1.83         -5,897,454       9,681,080    276,638  4,808,873
2026-07-20  2.44 2.430 2.393  2.874  3.425         0.526         0.0863      Golden          0.60         -1,894,261      -1,002,524    -96,214  4,283,692
2026-07-21  2.40 2.420 2.394  2.865  3.415         0.629         0.0755      Golden          0.68         -1,400,655      -2,404,331   -985,241  3,652,726
2026-07-22  2.40 2.413 2.394  2.855  3.405         0.878         0.0661      Golden          0.98         -2,741,099      -1,055,553 -1,099,935  2,281,574
2026-07-23  2.48 2.435 2.402  2.848  3.396         0.783         0.0680      Golden          0.92          4,349,220       4,669,503 -1,516,850  1,977,635
2026-07-24  2.41 2.427 2.403  2.839  3.386         0.443         0.0577      Golden          0.44         -4,746,455      -5,018,330 -1,286,650   -962,247
2026-07-27  2.39 2.415 2.402  2.830  3.376         0.585         0.0465      Golden          0.42           -812,703        -476,924 -1,070,338   -857,127
2026-07-28  2.40 2.410 2.402  2.822  3.366         0.736         0.0391      Golden          0.51         -3,180,905          91,664 -1,426,388   -357,928
2026-07-29  2.48 2.433 2.409  2.815  3.358         1.711         0.0432      Golden          1.12          2,010,715       5,923,197   -476,026  1,037,822
2026-07-30  2.47 2.445 2.415  2.808  3.349         0.873         0.0428      Golden          0.60         -2,432,819      -1,782,616 -1,832,433   -252,602
2026-07-31  2.48 2.457 2.421  2.802  3.340         1.135         0.0421      Golden          0.70         -1,067,086       3,019,068 -1,096,560  1,354,878
2026-08-03  2.52 2.478 2.431  2.796  3.332         0.768         0.0448      Golden          0.51          1,842,932      -1,669,000   -565,432  1,116,463
2026-08-04  2.46 2.472 2.433  2.790  3.323         1.196         0.0368      Golden          0.82         -7,400,989      -7,317,768 -1,409,449   -365,424
2026-08-05  2.51 2.485 2.441  2.784  3.315         0.908         0.0364      Golden          0.68          5,286,846       4,105,572   -754,223   -728,949

--------------------------------------------------------------------------------
生成时间: 2026-08-05 17:36:58


================================================================================
【周度走势数据】
================================================================================

问题: 对港股万科企业 (02202)进行周度走势复盘分析，复盘区间：2026年01月02日 – 2026年07月24日（共30周）

      date open high  low close week_change_pct volume_ratio turnover_rate  ema5 ema20 ema100 ema200 macd_histogram macd_status rsi14 institutional_flow individual_flow    inst_5ma     ind_5ma
2026-01-02 3.38 3.46 3.22  3.37          -0.59%        0.494         4.95% 3.557 4.284  6.014  8.730        -0.2410             28.51        -29,693,990       2,091,550  10,329,704  23,681,208
2026-01-09 3.32 3.59 3.30  3.48           3.26%        1.192        13.23% 3.531 4.207  5.964  8.678        -0.1945             31.43         35,585,790      54,268,740  10,797,068  33,896,956
2026-01-16 3.48 3.64 3.32  3.50           0.57%        1.076        12.39% 3.521 4.140  5.915  8.627        -0.1453             31.97        -14,810,000      14,601,400  -1,551,796  18,725,236
2026-01-23 3.46 3.71 3.44  3.66           4.57%        0.906         9.98% 3.567 4.094  5.871  8.577        -0.0787             36.31         29,225,350      63,323,430   6,367,430  24,979,922
2026-01-30 3.65 4.12 3.57  3.80           3.83%        1.262        16.00% 3.645 4.066  5.830  8.530        -0.0071             39.93         42,576,920      17,510,920  12,576,814  30,359,208
2026-02-06 3.54 3.84 3.51  3.67          -3.42%        0.875        10.43% 3.653 4.028  5.787  8.481         0.0295             37.78         14,004,470      50,183,290  21,316,506  39,977,556
2026-02-13 3.72 4.14 3.65  3.98           8.45%        0.963        11.28% 3.762 4.024  5.751  8.437         0.0982             45.32         59,020,630     -18,703,370  26,003,474  25,383,134
2026-02-20 3.95 3.95 3.74  3.86          -3.02%        0.093         0.75% 3.795 4.008  5.714  8.391         0.1284             43.14            369,030     -11,970,000  29,039,280  20,068,854
2026-02-27 3.80 3.95 3.67  3.76          -2.59%        1.341        13.01% 3.783 3.984  5.675  8.345         0.1352             41.36        -39,285,610     -99,680,000  15,337,088 -12,531,832
2026-03-06 3.71 3.71 3.35  3.49          -7.18%        0.896         8.27% 3.685 3.937  5.632  8.297         0.1049             36.92        -29,670,000      -6,473,010     887,704 -17,328,618
2026-03-13 3.42 3.51 3.36  3.37          -3.44%        0.550         4.14% 3.580 3.883  5.587  8.248         0.0718             35.11         -8,125,780     -12,610,000  -3,538,346 -29,887,276
2026-03-20 3.38 3.55 3.11  3.15          -6.53%        0.876         6.21% 3.437 3.814  5.539  8.197         0.0259             32.02         -4,806,090      -7,566,980 -16,303,690 -27,659,998
2026-03-27 3.13 3.13 2.97  2.97          -5.71%        0.759         4.80% 3.281 3.733  5.488  8.145        -0.0208             29.72         11,738,610      -4,105,190 -14,029,774 -26,087,036
2026-04-03 2.96 3.01 2.85  2.88          -3.03%        0.660         3.58% 3.147 3.652  5.436  8.092        -0.0538             28.61        -12,314,660      -4,532,230  11,357,004  30,645,384
2026-04-10 2.91 3.05 2.90  2.92           1.39%        0.575         2.56% 3.072 3.582  5.386  8.041        -0.0599             29.86          7,928,090      -5,361,660  -1,115,966  -6,835,212
2026-04-17 2.93 3.14 2.88  3.07           5.14%        1.023         4.62% 3.071 3.533  5.340  7.992        -0.0345             34.50         13,624,330       3,788,220   3,234,056  -3,555,568
2026-04-24 3.07 3.08 2.84  2.89          -5.86%        0.722         2.85% 3.011 3.472  5.292  7.941        -0.0329             31.78         -5,669,690     -17,750,820   3,061,336  -5,592,336
2026-05-01 2.89 3.05 2.82  2.99           3.46%        1.073         4.42% 3.004 3.426  5.246  7.892        -0.0104             34.85          9,439,980      -3,141,340  15,140,242  21,639,116
2026-05-08 3.01 3.37 3.01  3.16           5.69%        0.961         3.88% 3.056 3.401  5.205  7.844         0.0330             39.81         19,492,390      15,849,490   8,963,020  -1,323,222
2026-05-15 3.17 3.36 3.02  3.08          -2.53%        1.225         5.56% 3.064 3.370  5.163  7.797         0.0552             38.33         -7,855,315      -4,010,000   5,806,339  -1,052,890
2026-05-22 3.09 3.09 2.66  2.68         -12.99%        1.340         7.33% 2.936 3.305  5.114  7.746         0.0219             31.94           -591,660       6,524,490   2,963,141    -505,636
2026-05-29 2.68 2.94 2.48  2.71           1.12%        1.409         9.69% 2.861 3.248  5.066  7.696         0.0106             32.85         13,632,830      11,838,620   6,823,645   5,412,252
2026-06-05 2.72 2.85 2.61  2.62          -3.32%        0.820         5.18% 2.780 3.188  5.018  7.646        -0.0019             31.50        -24,598,230     -18,740,010      16,003   2,292,518
2026-06-12 2.61 2.69 2.49  2.64           0.76%        0.729         4.05% 2.734 3.136  4.971  7.596        -0.0003             32.17         -3,858,180      -1,785,250  -4,654,111  -1,234,430
2026-06-19 2.67 2.71 2.40  2.42          -8.33%        0.689         3.33% 2.629 3.068  4.920  7.544        -0.0206             28.83        -11,064,540      -2,986,600   4,579,334   9,268,864
2026-06-26 2.42 2.53 2.17  2.20          -9.09%        1.229         6.67% 2.486 2.985  4.866  7.491        -0.0535             25.94        -17,217,280     -13,634,590  -8,621,080  -5,061,566
2026-07-03 2.21 2.36 2.10  2.34           6.36%        1.064         5.97% 2.437 2.924  4.816  7.440        -0.0465             30.71         21,640,000      -2,477,110  -7,019,646  -7,924,712
2026-07-10 2.34 2.41 2.19  2.35           0.43%        0.787         3.99% 2.408 2.869  4.767  7.389        -0.0314             31.05          2,100,580       1,501,820  -1,679,884  -3,876,346
2026-07-17 2.33 2.56 2.22  2.48           5.53%        1.082         5.73% 2.432 2.832  4.722  7.340         0.0034             35.49          1,383,189      24,044,366    -631,610   1,289,577
2026-07-24 2.46 2.51 2.37  2.41          -2.82%        0.765         3.62% 2.425 2.792  4.676  7.291         0.0231             34.21         -6,433,250      -4,811,235  -1,768,494  -4,971,383

--------------------------------------------------------------------------------
生成时间: 2026-07-27 15:17:50


--------------------------------------------------------------------------------
合并生成时间: 2026-08-06 16:25:22
