请作为一家国际资产管理公司(QS财富方舟)的AI投资委员会，对以下港股 03033_南方恒生科技进行机构级每日复盘，2026-08-06。

请作为一家国际资产管理公司(QS财富方舟)的AI投资委员会，对以下港股进行机构级复盘。

【一、事件复盘】
- 今天发生了什么？
- 哪些事件真正影响股价？
- 哪些只是市场噪音？

【二、公司基本面】
- 今天的信息是否改变公司的长期价值？
- 是否影响竞争优势、盈利能力、现金流或行业地位？

【三、资金行为】
- 南向资金、机构、散户、量化、做空资金分别在做什么？
- 是否存在资金分歧？

【四、技术结构】
- 趋势是否发生变化？
- 哪些信号有效？哪些属于噪音？
- 支撑位、压力位、成交量结构是否确认趋势？

【五、估值分析】
- 当前估值相对于历史、同行和成长性是否合理？
- 市场是在交易预期还是交易现实？
- 估值逻辑是否发生变化？

【六、风险分析】
- 如果你是做空机构，你会攻击哪些点？
- 哪些风险已被市场充分定价？哪些仍可能被低估？

【七、情景推演】
请分别构建乐观、基准、悲观三个剧本，并说明：
- 触发条件
- 概率
- 关键验证指标
- 应对策略

【八、投资委员会总结】
请分别给出：
- 长线价值投资者观点
- 中线趋势投资者观点
- 短线交易者观点

最后输出：
1. 综合评分（100分）
2. 基本面评分
3. 资金面评分
4. 技术面评分
5. 风险评分
6. 当前所处阶段（底部 / 吸筹 / 突破 / 主升 / 高潮 / 派发 / 调整 / 熊市）
7. 建议（买入、增持、持有、减持、观望）
8. 未来一周、一个月、一个季度需要重点跟踪的指标和事件。


================================================================================
【日度走势数据】
================================================================================

问题: 对南方恒生科技 (03033)近日走势进行复盘分析，复盘区间：2026年06月24日 – 2026年08月05日

      date close  ema5 ema20 ema100 ema200 volume_ratio5 macd_histogram macd_status turnover_rate institutional_flow individual_flow    inst_5ma     ind_5ma
2026-06-24  4.40 4.440 4.619  4.914  5.068         1.787        -0.0690       Death         20.35         13,360,000   1,073,580,000  61,502,000 215,726,000
2026-06-25  4.33 4.404 4.592  4.902  5.061         1.455        -0.0696       Death         19.17         60,150,000    -610,330,000  58,198,000  55,312,000
2026-06-26  4.18 4.329 4.553  4.888  5.052         2.136        -0.0839       Death         30.21        484,500,000     205,320,000 125,870,000 150,856,000
2026-06-29  4.31 4.323 4.529  4.877  5.045         1.127        -0.0701       Death         21.22        -64,720,000    -507,360,000  89,040,000  24,774,000
2026-06-30  4.39 4.345 4.516  4.867  5.038         0.683        -0.0457       Death         14.21        -54,890,000     243,630,000  87,680,000  80,968,000
2026-07-02  4.36 4.350 4.501  4.857  5.031         1.234        -0.0298       Death         27.11        212,140,000     482,900,000 127,436,000 -37,168,000
2026-07-03  4.42 4.373 4.494  4.848  5.025         0.632        -0.0086       Death         14.71        -86,780,000     116,950,000  98,050,000 108,288,000
2026-07-06  4.46 4.402 4.490  4.841  5.020         0.877         0.0124      Golden         19.59       -214,080,000     403,530,000 -41,666,000 147,930,000
2026-07-07  4.42 4.408 4.484  4.832  5.014         0.816         0.0218      Golden         16.30       -295,180,000     125,090,000 -87,758,000 274,420,000
2026-07-08  4.64 4.485 4.499  4.828  5.010         1.054         0.0567      Golden         19.59        341,220,000      45,260,000  -8,536,000 234,746,000
2026-07-09  4.64 4.537 4.512  4.825  5.006         1.385         0.0775      Golden         26.96          6,630,000     312,180,000 -49,638,000 200,602,000
2026-07-10  4.63 4.568 4.523  4.821  5.003         0.885         0.0869      Golden         17.09        330,070,000    -244,490,000  33,732,000 128,314,000
2026-07-13  4.59 4.575 4.530  4.816  4.999         1.028         0.0846      Golden         20.84        326,060,000     142,600,000 141,760,000  76,128,000
2026-07-14  4.60 4.584 4.536  4.812  4.995         0.836         0.0813      Golden         16.82        222,350,000     257,060,000 245,266,000 102,522,000
2026-07-15  4.65 4.606 4.547  4.809  4.991         0.858         0.0825      Golden         17.37        627,650,438    -114,501,600 302,552,088  70,569,680
2026-07-16  4.75 4.654 4.566  4.808  4.989         1.182         0.0927      Golden         23.75        544,180,786     129,653,449 410,062,245  34,064,370
2026-07-17  4.53 4.613 4.563  4.802  4.984         1.536         0.0668      Golden         29.77        633,268,440     608,645,400 470,701,933 204,691,450
2026-07-20  4.65 4.625 4.571  4.799  4.981         1.539         0.0630      Golden         33.70        788,923,534    -198,778,800 563,274,639 136,415,690
2026-07-21  4.72 4.657 4.585  4.798  4.978         1.186         0.0667      Golden         29.06        114,473,149     608,345,231 541,699,269 206,672,736
2026-07-22  4.58 4.631 4.585  4.793  4.974         0.951         0.0479      Golden         24.96        793,897,308     370,101,400 574,948,643 303,593,336
2026-07-23  4.61 4.624 4.587  4.790  4.971         0.815         0.0376      Golden         23.01        924,353,652      90,537,292 650,983,217 295,770,104
2026-07-24  4.54 4.596 4.583  4.785  4.966         0.704         0.0204      Golden         19.66        892,794,452     270,083,288 702,888,419 228,057,682
2026-07-27  4.62 4.604 4.586  4.781  4.963         0.737         0.0187      Golden         19.09        416,174,061    -257,810,066 628,338,525 216,251,429
2026-07-28  4.64 4.616 4.591  4.779  4.960         1.027         0.0193      Golden         23.50        670,015,455     971,451,918 739,446,986 288,872,766
2026-07-29  4.77 4.667 4.608  4.778  4.958         1.100         0.0352      Golden         24.26        463,252,714    -272,771,883 673,318,067 160,298,110
2026-07-30  4.72 4.685 4.619  4.777  4.955         1.292         0.0368      Golden         28.44        417,975,179      40,530,044 572,042,372 150,296,660
2026-07-31  4.73 4.700 4.630  4.776  4.953         0.809         0.0369      Golden         18.58        759,396,707      52,184,029 545,362,823 106,716,809
2026-08-03  4.78 4.727 4.644  4.776  4.952         0.846         0.0412      Golden         19.58        353,359,607     350,794,308 532,799,932 228,437,683
2026-08-04  4.79 4.748 4.658  4.777  4.950         0.870         0.0426      Golden         20.38        508,924,407     -54,136,813 500,581,723  23,319,937
2026-08-05  4.84 4.778 4.675  4.778  4.949         1.017         0.0471      Golden         23.28        526,817,998    -276,779,503 513,294,780  22,518,413

--------------------------------------------------------------------------------
生成时间: 2026-08-05 17:36:58


================================================================================
【周度走势数据】
================================================================================

问题: 对南方恒生科技 (03033)进行周度走势复盘分析，复盘区间：2026年01月02日 – 2026年07月24日（共30周）

      date open high  low close week_change_pct volume_ratio turnover_rate  ema5 ema20 ema100 ema200 macd_histogram macd_status rsi14 institutional_flow individual_flow      inst_5ma      ind_5ma
2026-01-02 5.42 5.64 5.36  5.61           4.28%        0.897        27.48% 5.504 5.574  4.955  4.969        -0.1312             51.68       -323,925,870    -325,520,000   417,750,826   72,146,720
2026-01-09 5.64 5.76 5.50  5.56          -0.89%        1.445        55.24% 5.523 5.573  4.967  4.975        -0.1090             50.55      1,194,500,000    -330,189,930   532,288,826   92,870,734
2026-01-16 5.62 5.88 5.58  5.70           2.52%        1.253        53.43% 5.582 5.585  4.981  4.982        -0.0729             53.62        714,200,000     -94,410,000   559,076,826  184,774,014
2026-01-23 5.65 5.70 5.52  5.67          -0.53%        1.208        56.79% 5.611 5.593  4.995  4.989        -0.0516             52.86       -125,250,000      68,570,000   305,662,826 -119,541,986
2026-01-30 5.68 5.78 5.56  5.60          -1.23%        1.076        52.16% 5.607 5.594  5.007  4.995        -0.0455             51.05       -138,720,000      -7,100,000   264,160,826 -137,729,986
2026-02-06 5.53 5.53 5.15  5.23          -6.61%        1.246        68.27% 5.482 5.559  5.011  4.998        -0.0876             42.71      1,260,130,000    -947,590,000   580,972,000 -262,143,986
2026-02-13 5.34 5.40 5.20  5.24           0.19%        0.782        37.50% 5.401 5.529  5.016  5.000        -0.1089             42.98      1,046,740,000     418,760,000   551,420,000 -112,354,000
2026-02-20 5.23 5.26 5.10  5.11          -2.48%        0.377        13.76% 5.304 5.489  5.017  5.001        -0.1338             40.31        270,180,000     -10,730,000   462,616,000  -95,618,000
2026-02-27 5.16 5.30 4.99  5.03          -1.57%        1.229        49.50% 5.213 5.445  5.018  5.001        -0.1528             38.72      2,193,760,000      24,620,000   926,418,000 -104,408,000
2026-03-06 4.95 4.97 4.64  4.84          -3.78%        1.811       113.98% 5.088 5.387  5.014  5.000        -0.1809             35.16      3,807,580,000   1,231,490,000 1,715,678,000  143,310,000
2026-03-13 4.65 5.01 4.63  4.87           0.62%        0.921        54.35% 5.016 5.338  5.011  4.998        -0.1847             36.16        676,130,000  -1,124,670,000 1,598,878,000  107,894,000
2026-03-20 4.89 5.12 4.73  4.77          -2.05%        0.902        48.90% 4.934 5.284  5.007  4.996        -0.1893             34.27        844,530,000  -1,308,480,000 1,558,436,000 -237,554,000
2026-03-27 4.68 4.84 4.56  4.68          -1.89%        1.100        59.89% 4.849 5.226  5.000  4.993        -0.1924             32.61       -735,270,000  -2,361,400,000 1,357,346,000 -707,688,000
2026-04-03 4.55 4.68 4.51  4.57          -2.35%        0.647        30.63% 4.756 5.164  4.992  4.989        -0.1965             30.66      1,176,710,000     694,160,000   510,008,752  159,664,000
2026-04-10 4.74 4.83 4.71  4.76           4.16%        0.746        31.87% 4.757 5.125  4.987  4.987        -0.1623             37.60        296,200,000     325,200,000   451,660,000 -755,038,000
2026-04-17 4.72 4.99 4.69  4.94           3.78%        1.054        46.85% 4.818 5.108  4.986  4.986        -0.1068             43.37         85,300,000     409,700,000   333,494,000 -448,164,000
2026-04-24 4.95 5.00 4.67  4.80          -2.83%        0.866        36.00% 4.812 5.079  4.982  4.984        -0.0814             40.25       -123,300,000     202,090,000   139,928,000 -146,050,000
2026-05-01 4.81 4.87 4.71  4.78          -0.42%        0.762        27.78% 4.801 5.050  4.978  4.982        -0.0608             39.81      1,303,334,400     375,060,000   748,365,632  241,042,000
2026-05-08 4.84 5.03 4.75  5.00           4.60%        0.915        32.20% 4.868 5.045  4.979  4.982        -0.0134             46.72         10,110,000     415,040,000   314,328,880  345,418,000
2026-05-15 4.96 5.14 4.81  4.83          -3.40%        1.226        49.20% 4.855 5.025  4.976  4.981        -0.0015             42.65       -230,630,000  -1,426,080,000   208,962,880   -4,838,000
2026-05-22 4.79 4.83 4.66  4.76          -1.45%        1.129        47.45% 4.823 5.000  4.972  4.979         0.0003             41.06        337,010,000     801,050,000   259,304,880   73,432,000
2026-05-29 4.82 4.90 4.71  4.78           0.42%        1.189        56.83% 4.809 4.979  4.968  4.977         0.0071             41.73        955,740,000   2,027,860,000   475,112,880  438,586,000
2026-06-05 4.79 5.10 4.77  4.79           0.21%        1.352        82.26% 4.803 4.961  4.964  4.975         0.0155             42.08        558,850,000     531,850,000   326,216,000  469,944,000
2026-06-12 4.70 4.73 4.50  4.61          -3.76%        1.424       110.55% 4.738 4.927  4.957  4.971         0.0001             37.66        977,470,000    -524,870,000   519,688,000  281,962,000
2026-06-19 4.68 4.70 4.48  4.51          -2.17%        0.651        44.87% 4.662 4.888  4.948  4.967        -0.0192             35.43        -14,771,330    -405,580,000   582,945,366   14,242,000
2026-06-26 4.51 4.51 4.15  4.18          -7.32%        1.207        92.95% 4.502 4.820  4.933  4.959        -0.0692             29.27        629,350,000     754,280,000   621,327,734  476,708,000
2026-07-03 4.23 4.50 4.23  4.42           5.74%        0.979        77.25% 4.474 4.782  4.923  4.953        -0.0629             37.74          5,750,000     336,120,000   431,329,734  138,360,000
2026-07-10 4.43 4.77 4.37  4.63           4.75%        1.141        99.53% 4.526 4.768  4.917  4.950        -0.0254             44.06        168,660,000     641,570,000   353,291,734  160,304,000
2026-07-17 4.63 4.81 4.48  4.53          -2.16%        1.142       108.55% 4.527 4.745  4.910  4.946        -0.0098             41.88      2,353,509,664   1,023,457,249   628,499,667  469,969,450
2026-07-24 4.61 4.75 4.50  4.54           0.22%        1.219       130.39% 4.532 4.725  4.902  4.942         0.0054             42.19      3,514,442,095   1,140,288,409 1,209,701,033  377,553,682

--------------------------------------------------------------------------------
生成时间: 2026-07-27 15:17:50


--------------------------------------------------------------------------------
合并生成时间: 2026-08-06 16:25:22
