问题: 对中软国际 (00354)进行周度走势复盘分析，复盘区间：2026年02月06日 – 2026年08月28日（共30周）

      date open high  low close week_change_pct volume_ratio turnover_rate  ema5 ema20 ema100 ema200 macd_histogram macd_status rsi14 institutional_flow individual_flow    inst_5ma     ind_5ma
2026-02-06 4.97 4.97 4.39  4.47         -10.42%        1.465         7.11% 4.930 5.255  5.327  5.520        -0.1508        死叉延续 34.05        -51,470,000      59,222,080 -17,677,696  11,725,384
2026-02-13 4.53 4.63 4.37  4.49           0.45%        0.700         2.94% 4.783 5.182  5.311  5.510        -0.1819        死叉延续 34.55         -7,649,900       1,401,160 -19,333,676   9,997,600
2026-02-20 4.49 4.50 4.31  4.34          -3.34%        0.244         0.75% 4.635 5.102  5.291  5.498        -0.2088        死叉延续 32.56          4,180,000      -2,577,000 -25,111,676   5,884,200
2026-02-27 4.36 4.47 4.09  4.22          -2.76%        1.381         5.23% 4.497 5.018  5.270  5.486        -0.2274        死叉延续 31.02        -20,827,760     -11,395,340 -23,585,116   4,317,132
2026-03-06 4.15 4.15 3.68  3.92          -7.11%        1.352         6.19% 4.305 4.914  5.243  5.470        -0.2622        死叉延续 27.52         -1,133,420     -27,894,360 -15,380,216   3,751,308
2026-03-13 3.74 4.00 3.71  3.77          -3.83%        0.850         3.64% 4.126 4.805  5.214  5.453        -0.2857        死叉延续 25.94         -5,499,140      -6,136,140  -6,186,044  -9,320,336
2026-03-20 3.80 3.89 3.64  3.66          -2.92%        0.895         3.62% 3.971 4.696  5.183  5.435        -0.2950        死叉延续 24.82        -26,000,000     -11,318,180  -9,856,064 -11,864,204
2026-03-27 3.64 3.64 3.19  3.38          -7.65%        1.364         6.75% 3.774 4.570  5.148  5.415        -0.3161        死叉延续 22.19         43,980,000      -8,264,700  -1,896,064 -13,001,744
2026-04-03 3.30 3.42 3.19  3.42           1.18%        0.842         3.87% 3.656 4.461  5.114  5.395        -0.3018        死叉延续 23.44         21,217,780      -1,208,140   5,849,804   7,184,324
2026-04-10 3.46 3.61 3.42  3.45           0.88%        0.695         2.77% 3.587 4.365  5.081  5.376        -0.2666        死叉延续 24.42         10,170,000      -2,568,200   8,773,728  -5,899,072
2026-04-17 3.45 3.67 3.39  3.65           5.80%        0.987         3.90% 3.608 4.296  5.052  5.358        -0.1980        死叉延续 30.78         31,663,720       9,793,460  16,206,300  -2,713,152
2026-04-24 3.66 3.69 3.43  3.51          -3.84%        0.777         2.77% 3.575 4.222  5.022  5.340        -0.1549        死叉延续 28.94         10,991,880         480,000  23,604,676    -353,516
2026-05-01 3.51 3.54 3.35  3.39          -3.42%        0.610         1.82% 3.514 4.142  4.989  5.321        -0.1272        死叉延续 27.43         -5,302,500      12,276,600   6,877,304  12,694,348
2026-05-08 3.45 3.59 3.25  3.51           3.54%        1.275         4.40% 3.512 4.082  4.960  5.303        -0.0796        死叉延续 31.29         13,739,980      46,540,140  12,252,616  13,304,400
2026-05-15 3.51 3.51 3.09  3.13         -10.83%        1.113         4.08% 3.385 3.991  4.924  5.281        -0.0857        死叉延续 26.49        -44,193,520      -9,670,000   1,379,912  11,884,040
2026-05-22 3.10 3.31 3.05  3.28           4.79%        1.075         4.10% 3.350 3.924  4.891  5.261        -0.0573        死叉延续 30.99         -9,799,600       8,490,000  -6,912,752  11,623,348
2026-05-29 3.29 3.83 3.19  3.65          11.28%        1.568         8.33% 3.450 3.898  4.867  5.245         0.0194          金叉 40.66        139,870,000         550,000  18,862,872  11,637,348
2026-06-05 3.72 4.90 3.71  4.24          16.16%        1.970        20.36% 3.713 3.930  4.854  5.235         0.1505        金叉延续 52.16        283,970,000     -33,740,000  76,717,372   2,434,028
2026-06-12 4.05 4.22 3.60  3.63         -14.39%        0.885         8.65% 3.686 3.902  4.830  5.219         0.1552        金叉延续 42.90       -122,270,000     -24,321,100  49,515,376 -11,738,220
2026-06-19 3.65 3.72 3.22  3.24         -10.74%        0.612         5.00% 3.537 3.839  4.799  5.199         0.1082        金叉延续 38.23        -87,050,000      -2,256,100 -19,874,696    -250,872
2026-06-26 3.27 3.27 2.90  2.92          -9.88%        0.642         4.46% 3.331 3.751  4.761  5.177         0.0400        金叉延续 34.87        -39,502,240      34,070,000  35,003,552  -5,139,440
2026-07-03 2.99 3.12 2.89  3.08           5.48%        0.526         2.95% 3.248 3.687  4.728  5.156         0.0232        金叉延续 37.81        -16,545,560      12,713,760   3,720,440  -2,706,688
2026-07-10 3.09 3.30 2.94  3.16           2.60%        0.782         3.96% 3.218 3.637  4.697  5.136         0.0292        金叉延续 39.29        -18,355,480      10,880,000 -56,744,656   6,217,312
2026-07-17 3.19 3.19 2.91  2.96          -6.33%        0.838         3.92% 3.132 3.573  4.663  5.114         0.0135        金叉延续 36.93        -21,887,620      -8,320,600 -36,668,180   9,417,412
2026-07-24 2.99 4.07 2.99  3.26          10.14%        2.288        30.07% 3.175 3.543  4.635  5.096         0.0487        金叉延续 42.51        -17,563,320      20,868,040 -22,770,844  14,042,240
2026-07-31 3.28 4.04 3.25  3.93          20.55%        1.068        14.54% 3.427 3.580  4.621  5.084         0.1611        金叉延续 52.59        105,674,700      52,364,440   6,264,544  17,701,128
2026-08-07 3.99 4.09 3.61  3.62          -7.89%        0.744         8.98% 3.491 3.583  4.601  5.070         0.1905        金叉延续 48.36        -38,538,100    -110,009,330   1,866,036  -6,843,490
2026-08-14 3.61 3.66 3.42  3.48          -3.87%        0.495         4.76% 3.487 3.574  4.579  5.054         0.1877        金叉延续 46.54        -46,879,330     -54,183,440  -3,838,734 -19,856,178
2026-08-21 3.50 3.78 3.33  3.73           7.18%        0.933         8.69% 3.568 3.589  4.562  5.041         0.2141        金叉延续 50.15         39,691,800      28,466,980   8,477,150 -12,498,662
2026-08-28 3.76 3.98 3.68  3.90           4.56%        0.760         6.33% 3.679 3.618  4.549  5.029         0.2469        金叉延续 52.50          6,164,850     -15,034,770 -12,430,742  -2,403,826

--------------------------------------------------------------------------------
生成时间: 2026-08-28 17:48:23
