请作为一家国际资产管理公司(QS财富方舟)的AI投资委员会，对以下港股 01177_中生制药进行机构级每日复盘，2026-08-06。

请作为一家国际资产管理公司(QS财富方舟)的AI投资委员会，对以下港股进行机构级复盘。

【一、事件复盘】
- 今天发生了什么？
- 哪些事件真正影响股价？
- 哪些只是市场噪音？

【二、公司基本面】
- 今天的信息是否改变公司的长期价值？
- 是否影响竞争优势、盈利能力、现金流或行业地位？

【三、资金行为】
- 南向资金、机构、散户、量化、做空资金分别在做什么？
- 是否存在资金分歧？

【四、技术结构】
- 趋势是否发生变化？
- 哪些信号有效？哪些属于噪音？
- 支撑位、压力位、成交量结构是否确认趋势？

【五、估值分析】
- 当前估值相对于历史、同行和成长性是否合理？
- 市场是在交易预期还是交易现实？
- 估值逻辑是否发生变化？

【六、风险分析】
- 如果你是做空机构，你会攻击哪些点？
- 哪些风险已被市场充分定价？哪些仍可能被低估？

【七、情景推演】
请分别构建乐观、基准、悲观三个剧本，并说明：
- 触发条件
- 概率
- 关键验证指标
- 应对策略

【八、投资委员会总结】
请分别给出：
- 长线价值投资者观点
- 中线趋势投资者观点
- 短线交易者观点

最后输出：
1. 综合评分（100分）
2. 基本面评分
3. 资金面评分
4. 技术面评分
5. 风险评分
6. 当前所处阶段（底部 / 吸筹 / 突破 / 主升 / 高潮 / 派发 / 调整 / 熊市）
7. 建议（买入、增持、持有、减持、观望）
8. 未来一周、一个月、一个季度需要重点跟踪的指标和事件。


================================================================================
【日度走势数据】
================================================================================

问题: 对中生制药 (01177)近日走势进行复盘分析，复盘区间：2026年06月24日 – 2026年08月05日

      date close  ema5 ema20 ema100 ema200 volume_ratio5 macd_histogram macd_status turnover_rate institutional_flow individual_flow   inst_5ma     ind_5ma
2026-06-24  4.41 4.448 4.663  5.520  5.767         1.216         0.0210      Golden          0.55          5,980,000      30,860,000 12,090,336 -14,414,026
2026-06-25  4.26 4.386 4.624  5.495  5.752         1.243         0.0061      Golden          0.60         71,720,000     -23,500,000 15,748,336 -14,416,026
2026-06-26  4.26 4.344 4.590  5.470  5.737         0.911         0.0005      Golden          0.47        -13,320,000      67,830,000  9,246,336     224,000
2026-06-29  4.49 4.392 4.580  5.451  5.725         1.222         0.0304      Golden          0.64         90,770,000      59,010,000 27,624,000  24,570,000
2026-06-30  4.41 4.398 4.564  5.430  5.712         1.116         0.0414      Golden          0.61        -25,430,000     108,450,000 25,944,000  48,530,000
2026-07-02  4.62 4.472 4.569  5.414  5.701         1.202         0.0767      Golden          0.69        -10,330,000     128,350,000 22,682,000  68,028,000
2026-07-03  4.74 4.561 4.586  5.401  5.691         0.965         0.1139      Golden          0.58          4,880,000      69,690,000  9,314,000  86,666,000
2026-07-06  5.05 4.724 4.630  5.394  5.685         2.232         0.1743      Golden          1.33         27,610,000     282,340,000 17,500,000 129,568,000
2026-07-07  4.82 4.756 4.648  5.383  5.676         0.612         0.1767      Golden          0.47           -400,000     -19,370,000   -734,000 113,892,000
2026-07-08  4.82 4.777 4.664  5.371  5.668         1.367         0.1716      Golden          1.01        -10,100,000     109,990,000  2,332,000 114,200,000
2026-07-09  5.00 4.852 4.696  5.364  5.661         0.962         0.1847      Golden          0.78         37,280,000      74,820,000 11,854,000 103,494,000
2026-07-10  5.19 4.964 4.743  5.361  5.656         1.135         0.2093      Golden          0.95         17,610,000      82,310,000 14,400,000 106,018,000
2026-07-13  5.16 5.030 4.783  5.357  5.651         0.964         0.2113      Golden          0.88         47,130,000     138,230,000 18,304,000  77,196,000
2026-07-14  5.11 5.056 4.814  5.352  5.646         0.857         0.1960      Golden          0.70          2,170,000      21,360,000 18,818,000  85,342,000
2026-07-15  5.23 5.114 4.854  5.349  5.642         1.153         0.1919      Golden          1.00         47,461,160     182,897,400 30,330,232  99,923,480
2026-07-16  5.26 5.163 4.892  5.348  5.638         0.626         0.1831      Golden          0.54         -8,950,820      91,250,680 21,084,068 103,209,616
2026-07-17  4.98 5.102 4.901  5.340  5.632         1.001         0.1318      Golden          0.81        -22,847,560    -106,473,410 12,992,556  65,452,934
2026-07-20  5.17 5.125 4.926  5.337  5.627         0.547         0.1163      Golden          0.43         29,238,720      47,992,220  9,414,300  47,405,378
2026-07-21  5.11 5.120 4.944  5.332  5.622         0.670         0.0919      Golden          0.47         12,163,960      12,044,300 11,413,092  45,542,238
2026-07-22  5.35 5.196 4.983  5.333  5.619         1.202         0.1012      Golden          0.78         76,200,150     147,780,950 17,160,890  38,518,948
2026-07-23  5.19 5.194 5.002  5.330  5.615         0.455         0.0799      Golden          0.28        -15,086,310      10,369,810 15,933,792  22,342,774
2026-07-24  5.15 5.180 5.016  5.326  5.610         0.531         0.0556      Golden          0.29         -3,220,480      20,442,290 19,859,208  47,725,914
2026-07-27  5.09 5.150 5.023  5.322  5.605         0.362         0.0282      Golden          0.16        -13,792,290      -7,822,230 11,253,006  36,563,024
2026-07-28  5.09 5.130 5.030  5.317  5.600         0.495         0.0077      Golden          0.20         -3,314,230       1,579,110  8,157,368  34,469,986
2026-07-29  5.23 5.163 5.049  5.315  5.596         1.005         0.0105      Golden          0.34          9,870,850      45,889,020 -5,108,492  14,091,600
2026-07-30  5.06 5.129 5.050  5.310  5.591         2.260        -0.0118       Death          0.57        -24,457,870     -51,206,940 -6,982,804   1,776,250
2026-07-31  5.03 5.096 5.048  5.305  5.585         1.050        -0.0308       Death          0.33        -15,432,060     -21,898,380 -9,425,120  -6,691,884
2026-08-03  4.94 5.044 5.038  5.298  5.579         0.969        -0.0543       Death          0.31        -10,532,360     -38,990,285 -8,773,134 -12,925,495
2026-08-04  4.94 5.009 5.028  5.290  5.573         0.736        -0.0678       Death          0.26          3,344,530     -30,164,630 -7,441,382 -19,274,243
2026-08-05  4.88 4.966 5.014  5.282  5.566         0.878        -0.0818       Death          0.32           -640,505     -32,678,440 -9,543,653 -34,987,735

--------------------------------------------------------------------------------
生成时间: 2026-08-05 17:36:58


================================================================================
【周度走势数据】
================================================================================

问题: 对中生制药 (01177)进行周度走势复盘分析，复盘区间：2026年01月02日 – 2026年07月24日（共30周）

      date open high  low close week_change_pct volume_ratio turnover_rate  ema5 ema20 ema100 ema200 macd_histogram macd_status rsi14 institutional_flow individual_flow    inst_5ma      ind_5ma
2026-01-02 6.39 6.41 6.08  6.31          -0.94%        0.923         1.16% 6.525 6.802  5.029  4.635        -0.5222             45.54        -50,971,910    -159,830,480  -6,340,810 -110,324,764
2026-01-09 6.27 6.85 6.13  6.78           7.45%        1.465         2.41% 6.610 6.800  5.063  4.657        -0.4369             51.73        -84,210,000     117,160,000 -21,714,810  -59,160,096
2026-01-16 6.82 7.24 6.65  6.90           1.77%        1.268         2.41% 6.707 6.809  5.100  4.679        -0.3514             53.19        -14,797,660      77,623,640 -28,628,820  -34,489,368
2026-01-23 6.90 6.90 6.38  6.58          -4.64%        0.882         1.57% 6.664 6.788  5.129  4.698        -0.3257             48.94       -116,390,000      55,920,000 -45,837,914    3,286,632
2026-01-30 6.60 6.94 6.40  6.59           0.15%        1.005         1.80% 6.640 6.769  5.158  4.717        -0.2960             49.07        -50,765,600     143,090,000 -63,427,034   46,792,632
2026-02-06 6.59 6.59 6.10  6.43          -2.43%        1.012         1.83% 6.570 6.737  5.183  4.734        -0.2863             46.90         41,148,020     103,450,000 -45,003,048   99,448,728
2026-02-13 6.47 6.92 6.38  6.47           0.62%        0.739         1.19% 6.536 6.711  5.209  4.751        -0.2636             47.53         40,260,000      37,450,000 -20,109,048   83,506,728
2026-02-20 6.48 6.65 6.37  6.60           2.01%        0.138         0.15% 6.558 6.701  5.236  4.770        -0.2217             49.60           -900,000       7,927,260 -17,329,516   69,567,452
2026-02-27 6.61 6.82 5.88  6.00          -9.09%        1.423         2.02% 6.372 6.634  5.251  4.782        -0.2626             41.45         55,590,000      50,060,000  17,066,484   68,395,452
2026-03-06 5.92 6.11 5.53  6.08           1.33%        1.332         2.26% 6.275 6.581  5.268  4.795        -0.2660             42.80         51,250,000     137,220,000  37,469,604   67,221,452
2026-03-13 5.85 6.26 5.77  5.90          -2.96%        0.970         1.62% 6.150 6.516  5.280  4.806        -0.2783             40.54        -75,218,690      22,250,000  14,196,262   50,981,452
2026-03-20 5.91 6.25 5.83  5.93           0.51%        0.848         1.32% 6.076 6.460  5.293  4.817        -0.2680             41.10         12,750,000      62,350,000   8,694,262   55,961,452
2026-03-27 5.82 5.99 5.37  5.84          -1.52%        1.090         1.77% 5.998 6.401  5.304  4.827        -0.2588             39.88        127,167,560      95,350,000  34,307,774   73,446,000
2026-04-03 5.74 6.40 5.61  6.28           7.53%        1.379         2.77% 6.092 6.390  5.323  4.842        -0.1826             47.96        276,780,000     398,426,810  88,867,798  119,485,362
2026-04-10 6.51 6.53 5.84  5.87          -6.53%        0.824         1.53% 6.018 6.340  5.334  4.852        -0.1764             42.26         29,520,000       3,620,000  74,199,774  116,399,362
2026-04-17 5.85 6.16 5.61  5.95           1.36%        1.114         2.19% 5.995 6.303  5.346  4.863        -0.1515             43.67        161,070,000     203,820,000 121,457,512  152,713,362
2026-04-24 5.95 6.00 5.42  5.63          -5.38%        0.957         1.85% 5.873 6.239  5.352  4.870        -0.1669             39.52         26,499,500     269,410,000 124,207,412  194,125,362
2026-05-01 5.63 5.65 5.34  5.37          -4.62%        0.832         1.47% 5.706 6.156  5.352  4.875        -0.1987             36.49        153,590,000    -135,144,320 120,623,594   96,578,498
2026-05-08 5.37 5.46 5.27  5.38           0.19%        0.851         1.40% 5.597 6.082  5.353  4.880        -0.2041             36.69         91,944,010      31,650,000  92,524,702   74,671,136
2026-05-15 5.38 5.78 5.29  5.34          -0.74%        1.238         2.32% 5.511 6.012  5.353  4.885        -0.1988             36.20        145,160,000     248,490,000 115,652,702  123,645,136
2026-05-22 5.30 5.38 5.08  5.17          -3.18%        0.949         1.74% 5.398 5.931  5.349  4.888        -0.2030             34.10          2,290,000    -126,212,760  83,896,702   57,638,584
2026-05-29 5.17 5.17 4.72  4.94          -4.45%        1.182         2.38% 5.245 5.837  5.341  4.888        -0.2203             31.44        168,214,310    -411,420,000 112,239,664  -78,527,416
2026-06-05 5.06 5.12 4.55  4.61          -6.68%        1.114         2.36% 5.033 5.720  5.326  4.886        -0.2570             28.06         88,030,000    -211,250,000  99,127,664  -93,748,552
2026-06-12 4.52 4.71 4.34  4.65           0.87%        1.101         2.46% 4.906 5.618  5.313  4.883        -0.2562             29.05        160,080,000       5,630,000 112,754,862  -98,952,552
2026-06-19 4.75 4.84 4.45  4.53          -2.58%        0.844         1.77% 4.780 5.515  5.297  4.880        -0.2519             27.81         65,270,000      -3,990,130 113,791,594   50,436,472
2026-06-26 4.53 4.59 4.19  4.26          -5.96%        1.152         2.60% 4.607 5.395  5.277  4.873        -0.2640             25.19         46,231,680       1,120,000 105,565,198 -123,982,026
2026-07-03 4.26 4.89 4.19  4.74          11.27%        1.074         2.52% 4.651 5.333  5.266  4.872        -0.1895             36.60         59,890,000     365,500,000  83,900,336   31,401,974
2026-07-10 4.80 5.35 4.70  5.19           9.49%        1.478         4.54% 4.831 5.319  5.265  4.875        -0.0680             45.06         72,000,000     530,090,000  80,694,336  179,669,974
2026-07-17 5.20 5.47 4.86  4.98          -4.05%        1.169         3.93% 4.881 5.287  5.259  4.876        -0.0076             42.23         64,962,780     327,264,670  61,670,892  243,996,908
2026-07-24 5.05 5.36 4.98  5.15           3.41%        0.751         2.25% 4.970 5.274  5.257  4.879         0.0600             45.23         99,296,040     238,629,570 126,423,208   84,696,386

--------------------------------------------------------------------------------
生成时间: 2026-07-27 15:17:50


--------------------------------------------------------------------------------
合并生成时间: 2026-08-06 16:25:22
