问题: 对商汤科技 (00020)近日走势进行复盘分析，复盘区间：2026年07月23日 – 2026年09月02日

      date close  ema5 ema20 ema100 ema200 volume_ratio5 macd_histogram macd_status turnover_rate institutional_flow individual_flow    inst_5ma     ind_5ma
2026-07-23  1.39 1.380 1.388  1.728  1.862         0.373         0.0421      Golden          0.43         -6,459,110     -21,392,990  -8,811,120  10,701,724
2026-07-24  1.32 1.360 1.381  1.720  1.856         0.751         0.0321      Golden          0.76        -66,987,080       6,351,700   8,843,390  10,775,606
2026-07-27  1.35 1.357 1.378  1.712  1.851         1.063         0.0290      Golden          0.97         80,309,000      48,681,660  14,214,406  24,828,454
2026-07-28  1.40 1.371 1.381  1.706  1.847         1.269         0.0329      Golden          1.11         47,657,440      48,149,580   9,512,146  22,329,230
2026-07-29  1.44 1.394 1.386  1.701  1.843         1.680         0.0396      Golden          1.37        151,854,470      54,163,190  41,274,944  27,190,628
2026-07-30  1.41 1.399 1.388  1.695  1.838         0.936         0.0388      Golden          0.87         25,894,920     -53,932,790  47,745,750  20,682,668
2026-07-31  1.45 1.416 1.394  1.690  1.834         1.657         0.0421      Golden          1.68         20,363,400       3,951,990  65,215,846  20,202,726
2026-08-03  1.50 1.444 1.404  1.686  1.831         1.091         0.0489      Golden          1.31        -21,988,320     171,914,590  44,756,382  44,849,312
2026-08-04  1.54 1.476 1.417  1.684  1.828         0.777         0.0563      Golden          0.99         37,944,500      65,169,625  42,813,794  48,253,321
2026-08-05  1.57 1.507 1.432  1.681  1.826         1.166         0.0622      Golden          1.45        -14,370,795      99,276,765   9,568,741  57,276,036
2026-08-06  1.52 1.512 1.440  1.678  1.823         0.645         0.0566      Golden          0.81        -30,214,750      -1,514,235  -1,653,193  67,759,747
2026-08-07  1.46 1.494 1.442  1.674  1.819         1.033         0.0425      Golden          1.29          7,265,210      82,470,220  -4,272,831  83,463,393
2026-08-10  1.48 1.490 1.446  1.670  1.816         0.621         0.0341      Golden          0.73         17,519,625      45,273,045   3,628,758  58,135,084
2026-08-11  1.42 1.466 1.443  1.665  1.812         0.751         0.0193      Golden          0.79        -38,272,450     -36,716,100 -11,614,632  37,757,939
2026-08-12  1.44 1.458 1.443  1.661  1.808         0.499         0.0115      Golden          0.51         19,405,410      16,451,085  -4,859,391  21,192,803
2026-08-13  1.43 1.448 1.442  1.656  1.804         0.794         0.0046      Golden          0.66         27,579,220      -8,614,330   6,699,403  19,772,784
2026-08-14  1.40 1.432 1.438  1.651  1.800         0.769        -0.0039       Death          0.61          4,018,740     -48,837,550   6,050,109  -6,488,770
2026-08-17  1.53 1.465 1.447  1.649  1.798         5.356         0.0075      Golden          3.52        -58,089,435     201,148,605  -9,071,703  24,686,342
2026-08-18  1.46 1.463 1.448  1.645  1.794         1.610         0.0051      Golden          1.96        -85,343,045     159,669,085 -18,485,822  63,963,379
2026-08-19  1.43 1.452 1.446  1.641  1.791         0.671        -0.0006       Death          0.97        -14,467,360      42,067,065 -25,260,376  69,086,575
2026-08-20  1.48 1.461 1.449  1.637  1.787         0.936         0.0021      Golden          1.44         27,936,520      -1,185,645 -25,188,916  70,572,312
2026-08-21  1.52 1.481 1.456  1.635  1.785         0.768         0.0087      Golden          1.31         23,731,030      79,451,255 -21,246,458  96,230,073
2026-08-24  1.47 1.477 1.457  1.632  1.782         0.957         0.0058      Golden          1.76        -70,820,780     -48,429,585 -23,792,727  46,314,435
2026-08-25  1.51 1.488 1.462  1.629  1.779         2.338         0.0086      Golden          3.48       -120,192,155     657,349,690 -30,762,549 145,850,556
2026-08-26  1.47 1.482 1.463  1.626  1.776         0.557         0.0046      Golden          1.00        -22,286,030     121,658,345 -32,326,283 161,768,812
2026-08-27  1.42 1.461 1.459  1.622  1.772         0.840        -0.0048       Death          1.51         -5,452,175     182,198,790 -39,004,022 198,445,699
2026-08-28  1.48 1.468 1.461  1.619  1.769         1.235        -0.0029       Death          2.24        202,849,460      79,370,660  -3,180,336 198,429,580
2026-08-31  1.44 1.458 1.459  1.616  1.766         0.736        -0.0069       Death          1.47        -99,818,345     150,024,805  -8,979,849 238,120,458
2026-09-01  1.42 1.446 1.455  1.612  1.763         0.573        -0.0117       Death          1.11          6,447,080      -4,497,585  16,347,998 105,751,003
2026-09-02  1.40 1.430 1.450  1.608  1.759         0.599        -0.0169       Death          0.88         11,552,845      47,492,770  23,115,773  90,917,888

--------------------------------------------------------------------------------
生成时间: 2026-09-02 17:20:18
